1066 400 400
188 325 -1 1 0
191 324 -1 1 0
190 324 -1 1 0
189 324 -1 1 0
188 324 -1 1 0
187 324 -1 1 0
186 324 -1 1 0
185 324 -1 1 0
192 323 -1 1 0
191 323 -1 1 0
190 323 -1 1 0
189 323 -1 1 0
188 323 -1 1 0
187 323 -1 1 0
186 323 -1 1 0
185 323 -1 1 0
184 323 -1 1 0
192 322 -1 1 0
191 322 -1 1 0
190 322 -1 1 0
189 322 -1 1 0
188 322 -1 1 0
187 322 -1 1 0
186 322 -1 1 0
185 322 -1 1 0
184 322 -1 1 0
222 321 -1 0 0
192 321 -1 1 0
191 321 -1 1 0
190 321 -1 1 0
189 321 -1 1 0
188 321 -1 1 0
187 321 -1 1 0
186 321 -1 1 0
185 321 -1 1 0
184 321 -1 1 0
225 320 -1 0 0
224 320 -1 0 0
223 320 -1 0 0
222 320 -1 0 0
221 320 -1 0 0
220 320 -1 0 0
219 320 -1 0 0
193 320 -1 1 0
192 320 -1 1 0
191 320 -1 1 0
190 320 -1 1 0
189 320 -1 1 0
188 320 -1 1 0
187 320 -1 1 0
186 320 -1 1 0
185 320 -1 1 0
184 320 -1 1 0
183 320 -1 1 0
226 319 -1 0 0
225 319 -1 0 0
224 319 -1 0 0
223 319 -1 0 0
222 319 -1 0 0
221 319 -1 0 0
220 319 -1 0 0
219 319 -1 0 0
218 319 -1 0 0
192 319 -1 1 0
191 319 -1 1 0
190 319 -1 1 0
189 319 -1 1 0
188 319 -1 1 0
187 319 -1 1 0
186 319 -1 1 0
185 319 -1 1 0
184 319 -1 1 0
226 318 -1 0 0
225 318 -1 0 0
224 318 -1 0 0
223 318 -1 0 0
222 318 -1 0 0
221 318 -1 0 0
220 318 -1 0 0
219 318 -1 0 0
218 318 -1 0 0
202 318 -1 1 0
192 318 -1 1 0
191 318 -1 1 0
190 318 -1 1 0
189 318 -1 1 0
188 318 -1 1 0
187 318 -1 1 0
186 318 -1 1 0
185 318 -1 1 0
184 318 -1 1 0
226 317 -1 0 0
225 317 -1 0 0
224 317 -1 0 0
223 317 -1 0 0
222 317 -1 0 0
221 317 -1 0 0
220 317 -1 0 0
219 317 -1 0 0
218 317 -1 0 0
205 317 -1 1 0
204 317 -1 1 0
203 317 -1 1 0
202 317 -1 1 0
201 317 -1 1 0
200 317 -1 1 0
199 317 -1 1 0
192 317 -1 1 0
191 317 -1 1 0
190 317 -1 1 0
189 317 -1 1 0
188 317 -1 1 0
187 317 -1 1 0
186 317 -1 1 0
185 317 -1 1 0
184 317 -1 1 0
227 316 -1 0 0
226 316 -1 0 0
225 316 -1 0 0
224 316 -1 0 0
223 316 -1 0 0
222 316 -1 0 0
221 316 -1 0 0
220 316 -1 0 0
219 316 -1 0 0
218 316 -1 0 0
217 316 -1 0 0
206 316 -1 1 0
205 316 -1 1 0
204 316 -1 1 0
203 316 -1 1 0
202 316 -1 1 0
201 316 -1 1 0
200 316 -1 1 0
199 316 -1 1 0
198 316 -1 1 0
191 316 -1 1 0
190 316 -1 1 0
189 316 -1 1 0
188 316 -1 1 0
187 316 -1 1 0
186 316 -1 1 0
185 316 -1 1 0
226 315 -1 0 0
225 315 -1 0 0
224 315 -1 0 0
223 315 -1 0 0
222 315 -1 0 0
221 315 -1 0 0
220 315 -1 0 0
219 315 -1 0 0
218 315 -1 0 0
206 315 -1 1 0
205 315 -1 1 0
204 315 -1 1 0
203 315 -1 1 0
202 315 -1 1 0
201 315 -1 1 0
200 315 -1 1 0
199 315 -1 1 0
198 315 -1 1 0
188 315 -1 1 0
226 314 -1 0 0
225 314 -1 0 0
224 314 -1 0 0
223 314 -1 0 0
222 314 -1 0 0
221 314 -1 0 0
220 314 -1 0 0
219 314 -1 0 0
218 314 -1 0 0
206 314 -1 1 0
205 314 -1 1 0
204 314 -1 1 0
203 314 -1 1 0
202 314 -1 1 0
201 314 -1 1 0
200 314 -1 1 0
199 314 -1 1 0
198 314 -1 1 0
226 313 -1 0 0
225 313 -1 0 0
224 313 -1 0 0
223 313 -1 0 0
222 313 -1 0 0
221 313 -1 0 0
220 313 -1 0 0
219 313 -1 0 0
218 313 -1 0 0
207 313 -1 1 0
206 313 -1 1 0
205 313 -1 1 0
204 313 -1 1 0
203 313 -1 1 0
202 313 -1 1 0
201 313 -1 1 0
200 313 -1 1 0
199 313 -1 1 0
198 313 -1 1 0
197 313 -1 1 0
225 312 -1 0 0
224 312 -1 0 0
223 312 -1 0 0
222 312 -1 0 0
221 312 -1 0 0
220 312 -1 0 0
219 312 -1 0 0
206 312 -1 1 0
205 312 -1 1 0
204 312 -1 1 0
203 312 -1 1 0
202 312 -1 1 0
201 312 -1 1 0
200 312 -1 1 0
199 312 -1 1 0
198 312 -1 1 0
222 311 -1 0 0
206 311 -1 1 0
205 311 -1 1 0
204 311 -1 1 0
203 311 -1 1 0
202 311 -1 1 0
201 311 -1 1 0
200 311 -1 1 0
199 311 -1 1 0
198 311 -1 1 0
206 310 -1 1 0
205 310 -1 1 0
204 310 -1 1 0
203 310 -1 1 0
202 310 -1 1 0
201 310 -1 1 0
200 310 -1 1 0
199 310 -1 1 0
198 310 -1 1 0
205 309 -1 1 0
204 309 -1 1 0
203 309 -1 1 0
202 309 -1 1 0
201 309 -1 1 0
200 309 -1 1 0
199 309 -1 1 0
202 308 -1 1 0
201 300 -1 1 0
220 299 -1 1 0
204 299 -1 1 0
203 299 -1 1 0
202 299 -1 1 0
201 299 -1 1 0
200 299 -1 1 0
199 299 -1 1 0
198 299 -1 1 0
223 298 -1 1 0
222 298 -1 1 0
221 298 -1 1 0
220 298 -1 1 0
219 298 -1 1 0
218 298 -1 1 0
217 298 -1 1 0
205 298 -1 1 0
204 298 -1 1 0
203 298 -1 1 0
202 298 -1 1 0
201 298 -1 1 0
200 298 -1 1 0
199 298 -1 1 0
198 298 -1 1 0
197 298 -1 1 0
224 297 -1 1 0
223 297 -1 1 0
222 297 -1 1 0
221 297 -1 1 0
220 297 -1 1 0
219 297 -1 1 0
218 297 -1 1 0
217 297 -1 1 0
216 297 -1 1 0
205 297 -1 1 0
204 297 -1 1 0
203 297 -1 1 0
202 297 -1 1 0
201 297 -1 1 0
200 297 -1 1 0
199 297 -1 1 0
198 297 -1 1 0
197 297 -1 1 0
224 296 -1 1 0
223 296 -1 1 0
222 296 -1 1 0
221 296 -1 1 0
220 296 -1 1 0
219 296 -1 1 0
218 296 -1 1 0
217 296 -1 1 0
216 296 -1 1 0
205 296 -1 1 0
204 296 -1 1 0
203 296 -1 1 0
202 296 -1 1 0
201 296 -1 1 0
200 296 -1 1 0
199 296 -1 1 0
198 296 -1 1 0
197 296 -1 1 0
224 295 -1 1 0
223 295 -1 1 0
222 295 -1 1 0
221 295 -1 1 0
220 295 -1 1 0
219 295 -1 1 0
218 295 -1 1 0
217 295 -1 1 0
216 295 -1 1 0
206 295 -1 1 0
205 295 -1 1 0
204 295 -1 1 0
203 295 -1 1 0
202 295 -1 1 0
201 295 -1 1 0
200 295 -1 1 0
199 295 -1 1 0
198 295 -1 1 0
197 295 -1 1 0
196 295 -1 1 0
225 294 -1 1 0
224 294 -1 1 0
223 294 -1 1 0
222 294 -1 1 0
221 294 -1 1 0
220 294 -1 1 0
219 294 -1 1 0
218 294 -1 1 0
217 294 -1 1 0
216 294 -1 1 0
215 294 -1 1 0
205 294 -1 1 0
204 294 -1 1 0
203 294 -1 1 0
202 294 -1 1 0
201 294 -1 1 0
200 294 -1 1 0
199 294 -1 1 0
198 294 -1 1 0
197 294 -1 1 0
224 293 -1 1 0
223 293 -1 1 0
222 293 -1 1 0
221 293 -1 1 0
220 293 -1 1 0
219 293 -1 1 0
218 293 -1 1 0
217 293 -1 1 0
216 293 -1 1 0
205 293 -1 1 0
204 293 -1 1 0
203 293 -1 1 0
202 293 -1 1 0
201 293 -1 1 0
200 293 -1 1 0
199 293 -1 1 0
198 293 -1 1 0
197 293 -1 1 0
224 292 -1 1 0
223 292 -1 1 0
222 292 -1 1 0
221 292 -1 1 0
220 292 -1 1 0
219 292 -1 1 0
218 292 -1 1 0
217 292 -1 1 0
216 292 -1 1 0
205 292 -1 1 0
204 292 -1 1 0
203 292 -1 1 0
202 292 -1 1 0
201 292 -1 1 0
200 292 -1 1 0
199 292 -1 1 0
198 292 -1 1 0
197 292 -1 1 0
224 291 -1 1 0
223 291 -1 1 0
222 291 -1 1 0
221 291 -1 1 0
220 291 -1 1 0
219 291 -1 1 0
218 291 -1 1 0
217 291 -1 1 0
216 291 -1 1 0
204 291 -1 1 0
203 291 -1 1 0
202 291 -1 1 0
201 291 -1 1 0
200 291 -1 1 0
199 291 -1 1 0
198 291 -1 1 0
223 290 -1 1 0
222 290 -1 1 0
221 290 -1 1 0
220 290 -1 1 0
219 290 -1 1 0
218 290 -1 1 0
217 290 -1 1 0
201 290 -1 1 0
220 289 -1 1 0
200 287 -1 1 0
203 286 -1 1 0
202 286 -1 1 0
201 286 -1 1 0
200 286 -1 1 0
199 286 -1 1 0
198 286 -1 1 0
197 286 -1 1 0
204 285 -1 1 0
203 285 -1 1 0
202 285 -1 1 0
201 285 -1 1 0
200 285 -1 1 0
199 285 -1 1 0
198 285 -1 1 0
197 285 -1 1 0
196 285 -1 1 0
216 284 -1 1 0
204 284 -1 1 0
203 284 -1 1 0
202 284 -1 1 0
201 284 -1 1 0
200 284 -1 1 0
199 284 -1 1 0
198 284 -1 1 0
197 284 -1 1 0
196 284 -1 1 0
219 283 -1 1 0
218 283 -1 1 0
217 283 -1 1 0
216 283 -1 1 0
215 283 -1 1 0
214 283 -1 1 0
213 283 -1 1 0
204 283 -1 1 0
203 283 -1 1 0
202 283 -1 1 0
201 283 -1 1 0
200 283 -1 1 0
199 283 -1 1 0
198 283 -1 1 0
197 283 -1 1 0
196 283 -1 1 0
220 282 -1 1 0
219 282 -1 1 0
218 282 -1 1 0
217 282 -1 1 0
216 282 -1 1 0
215 282 -1 1 0
214 282 -1 1 0
213 282 -1 1 0
212 282 -1 1 0
205 282 -1 1 0
204 282 -1 1 0
203 282 -1 1 0
202 282 -1 1 0
201 282 -1 1 0
200 282 -1 1 0
199 282 -1 1 0
198 282 -1 1 0
197 282 -1 1 0
196 282 -1 1 0
195 282 -1 1 0
220 281 -1 1 0
219 281 -1 1 0
218 281 -1 1 0
217 281 -1 1 0
216 281 -1 1 0
215 281 -1 1 0
214 281 -1 1 0
213 281 -1 1 0
212 281 -1 1 0
204 281 -1 1 0
203 281 -1 1 0
202 281 -1 1 0
201 281 -1 1 0
200 281 -1 1 0
199 281 -1 1 0
198 281 -1 1 0
197 281 -1 1 0
196 281 -1 1 0
230 280 -1 1 0
220 280 -1 1 0
219 280 -1 1 0
218 280 -1 1 0
217 280 -1 1 0
216 280 -1 1 0
215 280 -1 1 0
214 280 -1 1 0
213 280 -1 1 0
212 280 -1 1 0
204 280 -1 1 0
203 280 -1 1 0
202 280 -1 1 0
201 280 -1 1 0
200 280 -1 1 0
199 280 -1 1 0
198 280 -1 1 0
197 280 -1 1 0
196 280 -1 1 0
233 279 -1 1 0
232 279 -1 1 0
231 279 -1 1 0
230 279 -1 1 0
229 279 -1 1 0
228 279 -1 1 0
227 279 -1 1 0
221 279 -1 1 0
220 279 -1 1 0
219 279 -1 1 0
218 279 -1 1 0
217 279 -1 1 0
216 279 -1 1 0
215 279 -1 1 0
214 279 -1 1 0
213 279 -1 1 0
212 279 -1 1 0
211 279 -1 1 0
204 279 -1 1 0
203 279 -1 1 0
202 279 -1 1 0
201 279 -1 1 0
200 279 -1 1 0
199 279 -1 1 0
198 279 -1 1 0
197 279 -1 1 0
196 279 -1 1 0
234 278 -1 1 0
233 278 -1 1 0
232 278 -1 1 0
231 278 -1 1 0
230 278 -1 1 0
229 278 -1 1 0
228 278 -1 1 0
227 278 -1 1 0
226 278 -1 1 0
220 278 -1 1 0
219 278 -1 1 0
218 278 -1 1 0
217 278 -1 1 0
216 278 -1 1 0
215 278 -1 1 0
214 278 -1 1 0
213 278 -1 1 0
212 278 -1 1 0
203 278 -1 1 0
202 278 -1 1 0
201 278 -1 1 0
200 278 -1 1 0
199 278 -1 1 0
198 278 -1 1 0
197 278 -1 1 0
234 277 -1 1 0
233 277 -1 1 0
232 277 -1 1 0
231 277 -1 1 0
230 277 -1 1 0
229 277 -1 1 0
228 277 -1 1 0
227 277 -1 1 0
226 277 -1 1 0
220 277 -1 1 0
219 277 -1 1 0
218 277 -1 1 0
217 277 -1 1 0
216 277 -1 1 0
215 277 -1 1 0
214 277 -1 1 0
213 277 -1 1 0
212 277 -1 1 0
200 277 -1 1 0
234 276 -1 1 0
233 276 -1 1 0
232 276 -1 1 0
231 276 -1 1 0
230 276 -1 1 0
229 276 -1 1 0
228 276 -1 1 0
227 276 -1 1 0
226 276 -1 1 0
220 276 -1 1 0
219 276 -1 1 0
218 276 -1 1 0
217 276 -1 1 0
216 276 -1 1 0
215 276 -1 1 0
214 276 -1 1 0
213 276 -1 1 0
212 276 -1 1 0
183 276 -1 0 0
235 275 -1 1 0
234 275 -1 1 0
233 275 -1 1 0
232 275 -1 1 0
231 275 -1 1 0
230 275 -1 1 0
229 275 -1 1 0
228 275 -1 1 0
227 275 -1 1 0
226 275 -1 1 0
225 275 -1 1 0
219 275 -1 1 0
218 275 -1 1 0
217 275 -1 1 0
216 275 -1 1 0
215 275 -1 1 0
214 275 -1 1 0
213 275 -1 1 0
186 275 -1 0 0
185 275 -1 0 0
184 275 -1 0 0
183 275 -1 0 0
182 275 -1 0 0
181 275 -1 0 0
180 275 -1 0 0
234 274 -1 1 0
233 274 -1 1 0
232 274 -1 1 0
231 274 -1 1 0
230 274 -1 1 0
229 274 -1 1 0
228 274 -1 1 0
227 274 -1 1 0
226 274 -1 1 0
216 274 -1 1 0
187 274 -1 0 0
186 274 -1 0 0
185 274 -1 0 0
184 274 -1 0 0
183 274 -1 0 0
182 274 -1 0 0
181 274 -1 0 0
180 274 -1 0 0
179 274 -1 0 0
234 273 -1 1 0
233 273 -1 1 0
232 273 -1 1 0
231 273 -1 1 0
230 273 -1 1 0
229 273 -1 1 0
228 273 -1 1 0
227 273 -1 1 0
226 273 -1 1 0
187 273 -1 0 0
186 273 -1 0 0
185 273 -1 0 0
184 273 -1 0 0
183 273 -1 0 0
182 273 -1 0 0
181 273 -1 0 0
180 273 -1 0 0
179 273 -1 0 0
234 272 -1 1 0
233 272 -1 1 0
232 272 -1 1 0
231 272 -1 1 0
230 272 -1 1 0
229 272 -1 1 0
228 272 -1 1 0
227 272 -1 1 0
226 272 -1 1 0
187 272 -1 0 0
186 272 -1 0 0
185 272 -1 0 0
184 272 -1 0 0
183 272 -1 0 0
182 272 -1 0 0
181 272 -1 0 0
180 272 -1 0 0
179 272 -1 0 0
233 271 -1 1 0
232 271 -1 1 0
231 271 -1 1 0
230 271 -1 1 0
229 271 -1 1 0
228 271 -1 1 0
227 271 -1 1 0
188 271 -1 0 0
187 271 -1 0 0
186 271 -1 0 0
185 271 -1 0 0
184 271 -1 0 0
183 271 -1 0 0
182 271 -1 0 0
181 271 -1 0 0
180 271 -1 0 0
179 271 -1 0 0
178 271 -1 0 0
230 270 -1 1 0
187 270 -1 0 0
186 270 -1 0 0
185 270 -1 0 0
184 270 -1 0 0
183 270 -1 0 0
182 270 -1 0 0
181 270 -1 0 0
180 270 -1 0 0
179 270 -1 0 0
187 269 -1 0 0
186 269 -1 0 0
185 269 -1 0 0
184 269 -1 0 0
183 269 -1 0 0
182 269 -1 0 0
181 269 -1 0 0
180 269 -1 0 0
179 269 -1 0 0
187 268 -1 0 0
186 268 -1 0 0
185 268 -1 0 0
184 268 -1 0 0
183 268 -1 0 0
182 268 -1 0 0
181 268 -1 0 0
180 268 -1 0 0
179 268 -1 0 0
257 267 -1 0 0
186 267 -1 0 0
185 267 -1 0 0
184 267 -1 0 0
183 267 -1 0 0
182 267 -1 0 0
181 267 -1 0 0
180 267 -1 0 0
260 266 -1 0 0
259 266 -1 0 0
258 266 -1 0 0
257 266 -1 0 0
256 266 -1 0 0
255 266 -1 0 0
254 266 -1 0 0
191 266 -1 0 0
183 266 -1 0 0
261 265 -1 0 0
260 265 -1 0 0
259 265 -1 0 0
258 265 -1 0 0
257 265 -1 0 0
256 265 -1 0 0
255 265 -1 0 0
254 265 -1 0 0
253 265 -1 0 0
192 265 -1 0 0
261 264 -1 0 0
260 264 -1 0 0
259 264 -1 0 0
258 264 -1 0 0
257 264 -1 0 0
256 264 -1 0 0
255 264 -1 0 0
254 264 -1 0 0
253 264 -1 0 0
261 263 -1 0 0
260 263 -1 0 0
259 263 -1 0 0
258 263 -1 0 0
257 263 -1 0 0
256 263 -1 0 0
255 263 -1 0 0
254 263 -1 0 0
253 263 -1 0 0
262 262 -1 0 0
261 262 -1 0 0
260 262 -1 0 0
259 262 -1 0 0
258 262 -1 0 0
257 262 -1 0 0
256 262 -1 0 0
255 262 -1 0 0
254 262 -1 0 0
253 262 -1 0 0
252 262 -1 0 0
262 261 -1 0 0
261 261 -1 0 0
260 261 -1 0 0
259 261 -1 0 0
258 261 -1 0 0
257 261 -1 0 0
256 261 -1 0 0
255 261 -1 0 0
254 261 -1 0 0
253 261 -1 0 0
252 261 -1 0 0
261 260 -1 0 0
260 260 -1 0 0
259 260 -1 0 0
258 260 -1 0 0
257 260 -1 0 0
256 260 -1 0 0
255 260 -1 0 0
254 260 -1 0 0
253 260 -1 0 0
261 259 -1 0 0
260 259 -1 0 0
259 259 -1 0 0
258 259 -1 0 0
257 259 -1 0 0
256 259 -1 0 0
255 259 -1 0 0
254 259 -1 0 0
253 259 -1 0 0
261 258 -1 0 0
260 258 -1 0 0
259 258 -1 0 0
258 258 -1 0 0
257 258 -1 0 0
256 258 -1 0 0
255 258 -1 0 0
254 258 -1 0 0
253 258 -1 0 0
260 257 -1 0 0
259 257 -1 0 0
258 257 -1 0 0
257 257 -1 0 0
256 257 -1 0 0
255 257 -1 0 0
254 257 -1 0 0
257 256 -1 0 0
353 162 -1 0 0
356 161 -1 0 0
355 161 -1 0 0
354 161 -1 0 0
353 161 -1 0 0
352 161 -1 0 0
351 161 -1 0 0
350 161 -1 0 0
357 160 -1 0 0
356 160 -1 0 0
355 160 -1 0 0
354 160 -1 0 0
353 160 -1 0 0
352 160 -1 0 0
351 160 -1 0 0
350 160 -1 0 0
349 160 -1 0 0
357 159 -1 0 0
356 159 -1 0 0
355 159 -1 0 0
354 159 -1 0 0
353 159 -1 0 0
352 159 -1 0 0
351 159 -1 0 0
350 159 -1 0 0
349 159 -1 0 0
357 158 -1 0 0
356 158 -1 0 0
355 158 -1 0 0
354 158 -1 0 0
353 158 -1 0 0
352 158 -1 0 0
351 158 -1 0 0
350 158 -1 0 0
349 158 -1 0 0
358 157 -1 0 0
357 157 -1 0 0
356 157 -1 0 0
355 157 -1 0 0
354 157 -1 0 0
353 157 -1 0 0
352 157 -1 0 0
351 157 -1 0 0
350 157 -1 0 0
349 157 -1 0 0
348 157 -1 0 0
357 156 -1 0 0
356 156 -1 0 0
355 156 -1 0 0
354 156 -1 0 0
353 156 -1 0 0
352 156 -1 0 0
351 156 -1 0 0
350 156 -1 0 0
349 156 -1 0 0
357 155 -1 0 0
356 155 -1 0 0
355 155 -1 0 0
354 155 -1 0 0
353 155 -1 0 0
352 155 -1 0 0
351 155 -1 0 0
350 155 -1 0 0
349 155 -1 0 0
357 154 -1 0 0
356 154 -1 0 0
355 154 -1 0 0
354 154 -1 0 0
353 154 -1 0 0
352 154 -1 0 0
351 154 -1 0 0
350 154 -1 0 0
349 154 -1 0 0
356 153 -1 0 0
355 153 -1 0 0
354 153 -1 0 0
353 153 -1 0 0
352 153 -1 0 0
351 153 -1 0 0
350 153 -1 0 0
353 152 -1 0 0
354 98 -1 0 0
357 97 -1 0 0
356 97 -1 0 0
355 97 -1 0 0
354 97 -1 0 0
353 97 -1 0 0
352 97 -1 0 0
351 97 -1 0 0
358 96 -1 0 0
357 96 -1 0 0
356 96 -1 0 0
355 96 -1 0 0
354 96 -1 0 0
353 96 -1 0 0
352 96 -1 0 0
351 96 -1 0 0
350 96 -1 0 0
358 95 -1 0 0
357 95 -1 0 0
356 95 -1 0 0
355 95 -1 0 0
354 95 -1 0 0
353 95 -1 0 0
352 95 -1 0 0
351 95 -1 0 0
350 95 -1 0 0
358 94 -1 0 0
357 94 -1 0 0
356 94 -1 0 0
355 94 -1 0 0
354 94 -1 0 0
353 94 -1 0 0
352 94 -1 0 0
351 94 -1 0 0
350 94 -1 0 0
359 93 -1 0 0
358 93 -1 0 0
357 93 -1 0 0
356 93 -1 0 0
355 93 -1 0 0
354 93 -1 0 0
353 93 -1 0 0
352 93 -1 0 0
351 93 -1 0 0
350 93 -1 0 0
349 93 -1 0 0
358 92 -1 0 0
357 92 -1 0 0
356 92 -1 0 0
355 92 -1 0 0
354 92 -1 0 0
353 92 -1 0 0
352 92 -1 0 0
351 92 -1 0 0
350 92 -1 0 0
358 91 -1 0 0
357 91 -1 0 0
356 91 -1 0 0
355 91 -1 0 0
354 91 -1 0 0
353 91 -1 0 0
352 91 -1 0 0
351 91 -1 0 0
350 91 -1 0 0
358 90 -1 0 0
357 90 -1 0 0
356 90 -1 0 0
355 90 -1 0 0
354 90 -1 0 0
353 90 -1 0 0
352 90 -1 0 0
351 90 -1 0 0
350 90 -1 0 0
357 89 -1 0 0
356 89 -1 0 0
355 89 -1 0 0
354 89 -1 0 0
353 89 -1 0 0
352 89 -1 0 0
351 89 -1 0 0
354 88 -1 0 0
384 29 -1 0 0
387 28 -1 0 0
386 28 -1 0 0
385 28 -1 0 0
384 28 -1 0 0
383 28 -1 0 0
382 28 -1 0 0
381 28 -1 0 0
388 27 -1 0 0
387 27 -1 0 0
386 27 -1 0 0
385 27 -1 0 0
384 27 -1 0 0
383 27 -1 0 0
382 27 -1 0 0
381 27 -1 0 0
380 27 -1 0 0
388 26 -1 0 0
387 26 -1 0 0
386 26 -1 0 0
385 26 -1 0 0
384 26 -1 0 0
383 26 -1 0 0
382 26 -1 0 0
381 26 -1 0 0
380 26 -1 0 0
388 25 -1 0 0
387 25 -1 0 0
386 25 -1 0 0
385 25 -1 0 0
384 25 -1 0 0
383 25 -1 0 0
382 25 -1 0 0
381 25 -1 0 0
380 25 -1 0 0
389 24 -1 0 0
388 24 -1 0 0
387 24 -1 0 0
386 24 -1 0 0
385 24 -1 0 0
384 24 -1 0 0
383 24 -1 0 0
382 24 -1 0 0
381 24 -1 0 0
380 24 -1 0 0
379 24 -1 0 0
388 23 -1 0 0
387 23 -1 0 0
386 23 -1 0 0
385 23 -1 0 0
384 23 -1 0 0
383 23 -1 0 0
382 23 -1 0 0
381 23 -1 0 0
380 23 -1 0 0
388 22 -1 0 0
387 22 -1 0 0
386 22 -1 0 0
385 22 -1 0 0
384 22 -1 0 0
383 22 -1 0 0
382 22 -1 0 0
381 22 -1 0 0
380 22 -1 0 0
388 21 -1 0 0
387 21 -1 0 0
386 21 -1 0 0
385 21 -1 0 0
384 21 -1 0 0
383 21 -1 0 0
382 21 -1 0 0
381 21 -1 0 0
380 21 -1 0 0
387 20 -1 0 0
386 20 -1 0 0
385 20 -1 0 0
384 20 -1 0 0
383 20 -1 0 0
382 20 -1 0 0
381 20 -1 0 0
384 19 -1 0 0
