5323 400 400
231 374 -1 0
234 373 -1 0
233 373 -1 0
232 373 -1 0
231 373 -1 0
230 373 -1 0
229 373 -1 0
228 373 -1 0
236 372 -1 0
235 372 -1 0
234 372 -1 0
233 372 -1 0
232 372 -1 0
231 372 -1 0
230 372 -1 0
229 372 -1 0
228 372 -1 0
227 372 -1 0
237 371 -1 0
236 371 -1 0
235 371 -1 0
234 371 -1 0
233 371 -1 0
232 371 -1 0
231 371 -1 0
230 371 -1 0
229 371 -1 0
228 371 -1 0
227 371 -1 0
239 370 -1 0
238 370 -1 0
237 370 -1 0
236 370 -1 0
235 370 -1 0
234 370 -1 0
233 370 -1 0
232 370 -1 0
231 370 -1 0
230 370 -1 0
229 370 -1 0
228 370 -1 0
227 370 -1 0
240 369 -1 0
239 369 -1 0
238 369 -1 0
237 369 -1 0
236 369 -1 0
235 369 -1 0
234 369 -1 0
233 369 -1 0
232 369 -1 0
231 369 -1 0
230 369 -1 0
229 369 -1 0
228 369 -1 0
227 369 -1 0
226 369 -1 0
242 368 -1 0
241 368 -1 0
240 368 -1 0
239 368 -1 0
238 368 -1 0
237 368 -1 0
236 368 -1 0
235 368 -1 0
234 368 -1 0
233 368 -1 0
232 368 -1 0
231 368 -1 0
230 368 -1 0
229 368 -1 0
228 368 -1 0
227 368 -1 0
226 368 -1 0
244 367 -1 0
243 367 -1 0
242 367 -1 0
241 367 -1 0
240 367 -1 0
239 367 -1 0
238 367 -1 0
237 367 -1 0
236 367 -1 0
235 367 -1 0
234 367 -1 0
233 367 -1 0
232 367 -1 0
231 367 -1 0
230 367 -1 0
229 367 -1 0
228 367 -1 0
227 367 -1 0
246 366 -1 0
245 366 -1 0
244 366 -1 0
243 366 -1 0
242 366 -1 0
241 366 -1 0
240 366 -1 0
239 366 -1 0
238 366 -1 0
237 366 -1 0
236 366 -1 0
235 366 -1 0
234 366 -1 0
233 366 -1 0
232 366 -1 0
231 366 -1 0
230 366 -1 0
229 366 -1 0
228 366 -1 0
227 366 -1 0
247 365 -1 0
246 365 -1 0
245 365 -1 0
244 365 -1 0
243 365 -1 0
242 365 -1 0
241 365 -1 0
240 365 -1 0
239 365 -1 0
238 365 -1 0
237 365 -1 0
236 365 -1 0
235 365 -1 0
234 365 -1 0
233 365 -1 0
232 365 -1 0
231 365 -1 0
230 365 -1 0
229 365 -1 0
228 365 -1 0
227 365 -1 0
249 364 -1 0
248 364 -1 0
247 364 -1 0
246 364 -1 0
245 364 -1 0
244 364 -1 0
243 364 -1 0
242 364 -1 0
241 364 -1 0
240 364 -1 0
239 364 -1 0
238 364 -1 0
237 364 -1 0
236 364 -1 0
235 364 -1 0
234 364 -1 0
233 364 -1 0
232 364 -1 0
231 364 -1 0
230 364 -1 0
229 364 -1 0
228 364 -1 0
251 363 -1 0
250 363 -1 0
249 363 -1 0
248 363 -1 0
247 363 -1 0
246 363 -1 0
245 363 -1 0
244 363 -1 0
243 363 -1 0
242 363 -1 0
241 363 -1 0
240 363 -1 0
239 363 -1 0
238 363 -1 0
237 363 -1 0
236 363 -1 0
235 363 -1 0
234 363 -1 0
233 363 -1 0
232 363 -1 0
231 363 -1 0
230 363 -1 0
252 362 -1 0
251 362 -1 0
250 362 -1 0
249 362 -1 0
248 362 -1 0
247 362 -1 0
246 362 -1 0
245 362 -1 0
244 362 -1 0
243 362 -1 0
242 362 -1 0
241 362 -1 0
240 362 -1 0
239 362 -1 0
238 362 -1 0
237 362 -1 0
236 362 -1 0
235 362 -1 0
234 362 -1 0
233 362 -1 0
232 362 -1 0
231 362 -1 0
254 361 -1 0
253 361 -1 0
252 361 -1 0
251 361 -1 0
250 361 -1 0
249 361 -1 0
248 361 -1 0
247 361 -1 0
246 361 -1 0
245 361 -1 0
244 361 -1 0
243 361 -1 0
242 361 -1 0
241 361 -1 0
240 361 -1 0
239 361 -1 0
238 361 -1 0
237 361 -1 0
236 361 -1 0
235 361 -1 0
234 361 -1 0
233 361 -1 0
255 360 -1 0
254 360 -1 0
253 360 -1 0
252 360 -1 0
251 360 -1 0
250 360 -1 0
249 360 -1 0
248 360 -1 0
247 360 -1 0
246 360 -1 0
245 360 -1 0
244 360 -1 0
243 360 -1 0
242 360 -1 0
241 360 -1 0
240 360 -1 0
239 360 -1 0
238 360 -1 0
237 360 -1 0
236 360 -1 0
235 360 -1 0
256 359 -1 0
255 359 -1 0
254 359 -1 0
253 359 -1 0
252 359 -1 0
251 359 -1 0
250 359 -1 0
249 359 -1 0
248 359 -1 0
247 359 -1 0
246 359 -1 0
245 359 -1 0
244 359 -1 0
243 359 -1 0
242 359 -1 0
241 359 -1 0
240 359 -1 0
239 359 -1 0
238 359 -1 0
237 359 -1 0
236 359 -1 0
259 358 -1 0
258 358 -1 0
257 358 -1 0
256 358 -1 0
255 358 -1 0
254 358 -1 0
253 358 -1 0
252 358 -1 0
251 358 -1 0
250 358 -1 0
249 358 -1 0
248 358 -1 0
247 358 -1 0
246 358 -1 0
245 358 -1 0
244 358 -1 0
243 358 -1 0
242 358 -1 0
241 358 -1 0
240 358 -1 0
239 358 -1 0
238 358 -1 0
260 357 -1 0
259 357 -1 0
258 357 -1 0
257 357 -1 0
256 357 -1 0
255 357 -1 0
254 357 -1 0
253 357 -1 0
252 357 -1 0
251 357 -1 0
250 357 -1 0
249 357 -1 0
248 357 -1 0
247 357 -1 0
246 357 -1 0
245 357 -1 0
244 357 -1 0
243 357 -1 0
242 357 -1 0
241 357 -1 0
240 357 -1 0
262 356 -1 0
261 356 -1 0
260 356 -1 0
259 356 -1 0
258 356 -1 0
257 356 -1 0
256 356 -1 0
255 356 -1 0
254 356 -1 0
253 356 -1 0
252 356 -1 0
251 356 -1 0
250 356 -1 0
249 356 -1 0
248 356 -1 0
247 356 -1 0
246 356 -1 0
245 356 -1 0
244 356 -1 0
243 356 -1 0
242 356 -1 0
263 355 -1 0
262 355 -1 0
261 355 -1 0
260 355 -1 0
259 355 -1 0
258 355 -1 0
257 355 -1 0
256 355 -1 0
255 355 -1 0
254 355 -1 0
253 355 -1 0
252 355 -1 0
251 355 -1 0
250 355 -1 0
249 355 -1 0
248 355 -1 0
247 355 -1 0
246 355 -1 0
245 355 -1 0
244 355 -1 0
243 355 -1 0
265 354 -1 0
264 354 -1 0
263 354 -1 0
262 354 -1 0
261 354 -1 0
260 354 -1 0
259 354 -1 0
258 354 -1 0
257 354 -1 0
256 354 -1 0
255 354 -1 0
254 354 -1 0
253 354 -1 0
252 354 -1 0
251 354 -1 0
250 354 -1 0
249 354 -1 0
248 354 -1 0
247 354 -1 0
246 354 -1 0
245 354 -1 0
267 353 -1 0
266 353 -1 0
265 353 -1 0
264 353 -1 0
263 353 -1 0
262 353 -1 0
261 353 -1 0
260 353 -1 0
259 353 -1 0
258 353 -1 0
257 353 -1 0
256 353 -1 0
255 353 -1 0
254 353 -1 0
253 353 -1 0
252 353 -1 0
251 353 -1 0
250 353 -1 0
249 353 -1 0
248 353 -1 0
247 353 -1 0
246 353 -1 0
269 352 -1 0
268 352 -1 0
267 352 -1 0
266 352 -1 0
265 352 -1 0
264 352 -1 0
263 352 -1 0
262 352 -1 0
261 352 -1 0
260 352 -1 0
259 352 -1 0
258 352 -1 0
257 352 -1 0
256 352 -1 0
255 352 -1 0
254 352 -1 0
253 352 -1 0
252 352 -1 0
251 352 -1 0
250 352 -1 0
249 352 -1 0
248 352 -1 0
247 352 -1 0
371 351 -1 0
370 351 -1 0
369 351 -1 0
368 351 -1 0
367 351 -1 0
366 351 -1 0
365 351 -1 0
364 351 -1 0
363 351 -1 0
272 351 -1 0
271 351 -1 0
270 351 -1 0
269 351 -1 0
268 351 -1 0
267 351 -1 0
266 351 -1 0
265 351 -1 0
264 351 -1 0
263 351 -1 0
262 351 -1 0
261 351 -1 0
260 351 -1 0
259 351 -1 0
258 351 -1 0
257 351 -1 0
256 351 -1 0
255 351 -1 0
254 351 -1 0
253 351 -1 0
252 351 -1 0
251 351 -1 0
250 351 -1 0
249 351 -1 0
248 351 -1 0
374 350 -1 0
373 350 -1 0
372 350 -1 0
371 350 -1 0
370 350 -1 0
369 350 -1 0
368 350 -1 0
367 350 -1 0
366 350 -1 0
365 350 -1 0
364 350 -1 0
363 350 -1 0
362 350 -1 0
361 350 -1 0
360 350 -1 0
273 350 -1 0
272 350 -1 0
271 350 -1 0
270 350 -1 0
269 350 -1 0
268 350 -1 0
267 350 -1 0
266 350 -1 0
265 350 -1 0
264 350 -1 0
263 350 -1 0
262 350 -1 0
261 350 -1 0
260 350 -1 0
259 350 -1 0
258 350 -1 0
257 350 -1 0
256 350 -1 0
255 350 -1 0
254 350 -1 0
253 350 -1 0
252 350 -1 0
251 350 -1 0
250 350 -1 0
375 349 -1 0
374 349 -1 0
373 349 -1 0
372 349 -1 0
371 349 -1 0
370 349 -1 0
369 349 -1 0
368 349 -1 0
367 349 -1 0
366 349 -1 0
365 349 -1 0
364 349 -1 0
363 349 -1 0
362 349 -1 0
361 349 -1 0
360 349 -1 0
359 349 -1 0
276 349 -1 0
275 349 -1 0
274 349 -1 0
273 349 -1 0
272 349 -1 0
271 349 -1 0
270 349 -1 0
269 349 -1 0
268 349 -1 0
267 349 -1 0
266 349 -1 0
265 349 -1 0
264 349 -1 0
263 349 -1 0
262 349 -1 0
261 349 -1 0
260 349 -1 0
259 349 -1 0
258 349 -1 0
257 349 -1 0
256 349 -1 0
255 349 -1 0
254 349 -1 0
253 349 -1 0
252 349 -1 0
375 348 -1 0
374 348 -1 0
373 348 -1 0
372 348 -1 0
371 348 -1 0
370 348 -1 0
369 348 -1 0
368 348 -1 0
367 348 -1 0
366 348 -1 0
365 348 -1 0
364 348 -1 0
363 348 -1 0
362 348 -1 0
361 348 -1 0
360 348 -1 0
359 348 -1 0
277 348 -1 0
276 348 -1 0
275 348 -1 0
274 348 -1 0
273 348 -1 0
272 348 -1 0
271 348 -1 0
270 348 -1 0
269 348 -1 0
268 348 -1 0
267 348 -1 0
266 348 -1 0
265 348 -1 0
264 348 -1 0
263 348 -1 0
262 348 -1 0
261 348 -1 0
260 348 -1 0
259 348 -1 0
258 348 -1 0
257 348 -1 0
256 348 -1 0
255 348 -1 0
254 348 -1 0
253 348 -1 0
375 347 -1 0
374 347 -1 0
373 347 -1 0
372 347 -1 0
371 347 -1 0
370 347 -1 0
369 347 -1 0
368 347 -1 0
367 347 -1 0
366 347 -1 0
365 347 -1 0
364 347 -1 0
363 347 -1 0
362 347 -1 0
361 347 -1 0
360 347 -1 0
359 347 -1 0
277 347 -1 0
276 347 -1 0
275 347 -1 0
274 347 -1 0
273 347 -1 0
272 347 -1 0
271 347 -1 0
270 347 -1 0
269 347 -1 0
268 347 -1 0
267 347 -1 0
266 347 -1 0
265 347 -1 0
264 347 -1 0
263 347 -1 0
262 347 -1 0
261 347 -1 0
260 347 -1 0
259 347 -1 0
258 347 -1 0
257 347 -1 0
256 347 -1 0
376 346 -1 0
375 346 -1 0
374 346 -1 0
373 346 -1 0
372 346 -1 0
371 346 -1 0
370 346 -1 0
369 346 -1 0
368 346 -1 0
367 346 -1 0
366 346 -1 0
365 346 -1 0
364 346 -1 0
363 346 -1 0
362 346 -1 0
361 346 -1 0
360 346 -1 0
359 346 -1 0
358 346 -1 0
279 346 -1 0
278 346 -1 0
277 346 -1 0
276 346 -1 0
275 346 -1 0
274 346 -1 0
273 346 -1 0
272 346 -1 0
271 346 -1 0
270 346 -1 0
269 346 -1 0
268 346 -1 0
267 346 -1 0
266 346 -1 0
265 346 -1 0
264 346 -1 0
263 346 -1 0
262 346 -1 0
261 346 -1 0
260 346 -1 0
259 346 -1 0
258 346 -1 0
257 346 -1 0
375 345 -1 0
374 345 -1 0
373 345 -1 0
372 345 -1 0
371 345 -1 0
370 345 -1 0
369 345 -1 0
368 345 -1 0
367 345 -1 0
366 345 -1 0
365 345 -1 0
364 345 -1 0
363 345 -1 0
362 345 -1 0
361 345 -1 0
360 345 -1 0
359 345 -1 0
358 345 -1 0
280 345 -1 0
279 345 -1 0
278 345 -1 0
277 345 -1 0
276 345 -1 0
275 345 -1 0
274 345 -1 0
273 345 -1 0
272 345 -1 0
271 345 -1 0
270 345 -1 0
269 345 -1 0
268 345 -1 0
267 345 -1 0
266 345 -1 0
265 345 -1 0
264 345 -1 0
263 345 -1 0
262 345 -1 0
261 345 -1 0
260 345 -1 0
259 345 -1 0
376 344 -1 0
375 344 -1 0
374 344 -1 0
373 344 -1 0
372 344 -1 0
371 344 -1 0
370 344 -1 0
369 344 -1 0
368 344 -1 0
367 344 -1 0
366 344 -1 0
365 344 -1 0
364 344 -1 0
363 344 -1 0
362 344 -1 0
361 344 -1 0
360 344 -1 0
359 344 -1 0
358 344 -1 0
281 344 -1 0
280 344 -1 0
279 344 -1 0
278 344 -1 0
277 344 -1 0
276 344 -1 0
275 344 -1 0
274 344 -1 0
273 344 -1 0
272 344 -1 0
271 344 -1 0
270 344 -1 0
269 344 -1 0
268 344 -1 0
267 344 -1 0
266 344 -1 0
265 344 -1 0
264 344 -1 0
263 344 -1 0
262 344 -1 0
377 343 -1 0
376 343 -1 0
375 343 -1 0
374 343 -1 0
373 343 -1 0
372 343 -1 0
371 343 -1 0
370 343 -1 0
369 343 -1 0
368 343 -1 0
367 343 -1 0
366 343 -1 0
365 343 -1 0
364 343 -1 0
363 343 -1 0
362 343 -1 0
361 343 -1 0
360 343 -1 0
359 343 -1 0
282 343 -1 0
281 343 -1 0
280 343 -1 0
279 343 -1 0
278 343 -1 0
277 343 -1 0
276 343 -1 0
275 343 -1 0
274 343 -1 0
273 343 -1 0
272 343 -1 0
271 343 -1 0
270 343 -1 0
269 343 -1 0
268 343 -1 0
267 343 -1 0
266 343 -1 0
265 343 -1 0
264 343 -1 0
263 343 -1 0
377 342 -1 0
376 342 -1 0
375 342 -1 0
374 342 -1 0
373 342 -1 0
372 342 -1 0
371 342 -1 0
370 342 -1 0
369 342 -1 0
368 342 -1 0
367 342 -1 0
366 342 -1 0
365 342 -1 0
364 342 -1 0
363 342 -1 0
362 342 -1 0
361 342 -1 0
360 342 -1 0
359 342 -1 0
358 342 -1 0
283 342 -1 0
282 342 -1 0
281 342 -1 0
280 342 -1 0
279 342 -1 0
278 342 -1 0
277 342 -1 0
276 342 -1 0
275 342 -1 0
274 342 -1 0
273 342 -1 0
272 342 -1 0
271 342 -1 0
270 342 -1 0
269 342 -1 0
268 342 -1 0
267 342 -1 0
266 342 -1 0
377 341 -1 0
376 341 -1 0
375 341 -1 0
374 341 -1 0
373 341 -1 0
372 341 -1 0
371 341 -1 0
370 341 -1 0
369 341 -1 0
368 341 -1 0
367 341 -1 0
366 341 -1 0
365 341 -1 0
364 341 -1 0
363 341 -1 0
362 341 -1 0
361 341 -1 0
360 341 -1 0
359 341 -1 0
358 341 -1 0
285 341 -1 0
284 341 -1 0
283 341 -1 0
282 341 -1 0
281 341 -1 0
280 341 -1 0
279 341 -1 0
278 341 -1 0
277 341 -1 0
276 341 -1 0
275 341 -1 0
274 341 -1 0
273 341 -1 0
272 341 -1 0
271 341 -1 0
270 341 -1 0
269 341 -1 0
268 341 -1 0
378 340 -1 0
377 340 -1 0
376 340 -1 0
375 340 -1 0
374 340 -1 0
373 340 -1 0
372 340 -1 0
371 340 -1 0
370 340 -1 0
369 340 -1 0
368 340 -1 0
367 340 -1 0
366 340 -1 0
365 340 -1 0
364 340 -1 0
363 340 -1 0
362 340 -1 0
361 340 -1 0
360 340 -1 0
359 340 -1 0
358 340 -1 0
288 340 -1 0
287 340 -1 0
286 340 -1 0
285 340 -1 0
284 340 -1 0
283 340 -1 0
282 340 -1 0
281 340 -1 0
280 340 -1 0
279 340 -1 0
278 340 -1 0
277 340 -1 0
276 340 -1 0
275 340 -1 0
274 340 -1 0
273 340 -1 0
272 340 -1 0
271 340 -1 0
270 340 -1 0
378 339 -1 0
377 339 -1 0
376 339 -1 0
375 339 -1 0
374 339 -1 0
373 339 -1 0
372 339 -1 0
371 339 -1 0
370 339 -1 0
369 339 -1 0
368 339 -1 0
367 339 -1 0
366 339 -1 0
365 339 -1 0
364 339 -1 0
363 339 -1 0
362 339 -1 0
361 339 -1 0
360 339 -1 0
359 339 -1 0
292 339 -1 0
291 339 -1 0
290 339 -1 0
289 339 -1 0
288 339 -1 0
287 339 -1 0
286 339 -1 0
285 339 -1 0
284 339 -1 0
283 339 -1 0
282 339 -1 0
281 339 -1 0
280 339 -1 0
279 339 -1 0
278 339 -1 0
277 339 -1 0
276 339 -1 0
275 339 -1 0
274 339 -1 0
273 339 -1 0
272 339 -1 0
271 339 -1 0
270 339 -1 0
379 338 -1 0
378 338 -1 0
377 338 -1 0
376 338 -1 0
375 338 -1 0
374 338 -1 0
373 338 -1 0
372 338 -1 0
371 338 -1 0
370 338 -1 0
369 338 -1 0
368 338 -1 0
367 338 -1 0
366 338 -1 0
365 338 -1 0
364 338 -1 0
363 338 -1 0
362 338 -1 0
361 338 -1 0
360 338 -1 0
359 338 -1 0
295 338 -1 0
294 338 -1 0
293 338 -1 0
292 338 -1 0
291 338 -1 0
290 338 -1 0
289 338 -1 0
288 338 -1 0
287 338 -1 0
286 338 -1 0
285 338 -1 0
284 338 -1 0
283 338 -1 0
282 338 -1 0
281 338 -1 0
280 338 -1 0
279 338 -1 0
278 338 -1 0
277 338 -1 0
276 338 -1 0
275 338 -1 0
274 338 -1 0
273 338 -1 0
272 338 -1 0
271 338 -1 0
379 337 -1 0
378 337 -1 0
377 337 -1 0
376 337 -1 0
375 337 -1 0
374 337 -1 0
373 337 -1 0
372 337 -1 0
371 337 -1 0
370 337 -1 0
369 337 -1 0
368 337 -1 0
367 337 -1 0
366 337 -1 0
365 337 -1 0
364 337 -1 0
363 337 -1 0
362 337 -1 0
361 337 -1 0
360 337 -1 0
359 337 -1 0
296 337 -1 0
295 337 -1 0
294 337 -1 0
293 337 -1 0
292 337 -1 0
291 337 -1 0
290 337 -1 0
289 337 -1 0
288 337 -1 0
287 337 -1 0
286 337 -1 0
285 337 -1 0
284 337 -1 0
283 337 -1 0
282 337 -1 0
281 337 -1 0
280 337 -1 0
279 337 -1 0
278 337 -1 0
277 337 -1 0
276 337 -1 0
275 337 -1 0
274 337 -1 0
273 337 -1 0
272 337 -1 0
379 336 -1 0
378 336 -1 0
377 336 -1 0
376 336 -1 0
375 336 -1 0
374 336 -1 0
373 336 -1 0
372 336 -1 0
371 336 -1 0
370 336 -1 0
369 336 -1 0
368 336 -1 0
367 336 -1 0
366 336 -1 0
365 336 -1 0
364 336 -1 0
363 336 -1 0
362 336 -1 0
361 336 -1 0
360 336 -1 0
298 336 -1 0
297 336 -1 0
296 336 -1 0
295 336 -1 0
294 336 -1 0
293 336 -1 0
292 336 -1 0
291 336 -1 0
290 336 -1 0
289 336 -1 0
288 336 -1 0
287 336 -1 0
286 336 -1 0
285 336 -1 0
284 336 -1 0
283 336 -1 0
282 336 -1 0
281 336 -1 0
280 336 -1 0
279 336 -1 0
278 336 -1 0
277 336 -1 0
276 336 -1 0
275 336 -1 0
274 336 -1 0
273 336 -1 0
380 335 -1 0
379 335 -1 0
378 335 -1 0
377 335 -1 0
376 335 -1 0
375 335 -1 0
374 335 -1 0
373 335 -1 0
372 335 -1 0
371 335 -1 0
370 335 -1 0
369 335 -1 0
368 335 -1 0
367 335 -1 0
366 335 -1 0
365 335 -1 0
364 335 -1 0
363 335 -1 0
362 335 -1 0
361 335 -1 0
360 335 -1 0
301 335 -1 0
300 335 -1 0
299 335 -1 0
298 335 -1 0
297 335 -1 0
296 335 -1 0
295 335 -1 0
294 335 -1 0
293 335 -1 0
292 335 -1 0
291 335 -1 0
290 335 -1 0
289 335 -1 0
288 335 -1 0
287 335 -1 0
286 335 -1 0
285 335 -1 0
284 335 -1 0
283 335 -1 0
282 335 -1 0
281 335 -1 0
280 335 -1 0
279 335 -1 0
278 335 -1 0
277 335 -1 0
276 335 -1 0
275 335 -1 0
380 334 -1 0
379 334 -1 0
378 334 -1 0
377 334 -1 0
376 334 -1 0
375 334 -1 0
374 334 -1 0
373 334 -1 0
372 334 -1 0
371 334 -1 0
370 334 -1 0
369 334 -1 0
368 334 -1 0
367 334 -1 0
366 334 -1 0
365 334 -1 0
364 334 -1 0
363 334 -1 0
362 334 -1 0
361 334 -1 0
304 334 -1 0
303 334 -1 0
302 334 -1 0
301 334 -1 0
300 334 -1 0
299 334 -1 0
298 334 -1 0
297 334 -1 0
296 334 -1 0
295 334 -1 0
294 334 -1 0
293 334 -1 0
292 334 -1 0
291 334 -1 0
290 334 -1 0
289 334 -1 0
288 334 -1 0
287 334 -1 0
286 334 -1 0
285 334 -1 0
284 334 -1 0
283 334 -1 0
282 334 -1 0
281 334 -1 0
280 334 -1 0
279 334 -1 0
278 334 -1 0
277 334 -1 0
276 334 -1 0
381 333 -1 0
380 333 -1 0
379 333 -1 0
378 333 -1 0
377 333 -1 0
376 333 -1 0
375 333 -1 0
374 333 -1 0
373 333 -1 0
372 333 -1 0
371 333 -1 0
370 333 -1 0
369 333 -1 0
368 333 -1 0
367 333 -1 0
366 333 -1 0
365 333 -1 0
364 333 -1 0
363 333 -1 0
362 333 -1 0
315 333 -1 0
306 333 -1 0
305 333 -1 0
304 333 -1 0
303 333 -1 0
302 333 -1 0
301 333 -1 0
300 333 -1 0
299 333 -1 0
298 333 -1 0
297 333 -1 0
296 333 -1 0
295 333 -1 0
294 333 -1 0
293 333 -1 0
292 333 -1 0
291 333 -1 0
290 333 -1 0
289 333 -1 0
288 333 -1 0
287 333 -1 0
286 333 -1 0
285 333 -1 0
284 333 -1 0
283 333 -1 0
282 333 -1 0
281 333 -1 0
280 333 -1 0
279 333 -1 0
278 333 -1 0
277 333 -1 0
382 332 -1 0
381 332 -1 0
380 332 -1 0
379 332 -1 0
378 332 -1 0
377 332 -1 0
376 332 -1 0
375 332 -1 0
374 332 -1 0
373 332 -1 0
372 332 -1 0
371 332 -1 0
370 332 -1 0
369 332 -1 0
368 332 -1 0
367 332 -1 0
366 332 -1 0
365 332 -1 0
364 332 -1 0
363 332 -1 0
318 332 -1 0
317 332 -1 0
316 332 -1 0
315 332 -1 0
314 332 -1 0
313 332 -1 0
312 332 -1 0
309 332 -1 0
308 332 -1 0
307 332 -1 0
306 332 -1 0
305 332 -1 0
304 332 -1 0
303 332 -1 0
302 332 -1 0
301 332 -1 0
300 332 -1 0
299 332 -1 0
298 332 -1 0
297 332 -1 0
296 332 -1 0
295 332 -1 0
294 332 -1 0
293 332 -1 0
292 332 -1 0
291 332 -1 0
290 332 -1 0
289 332 -1 0
288 332 -1 0
287 332 -1 0
286 332 -1 0
285 332 -1 0
284 332 -1 0
283 332 -1 0
282 332 -1 0
281 332 -1 0
280 332 -1 0
279 332 -1 0
382 331 -1 0
381 331 -1 0
380 331 -1 0
379 331 -1 0
378 331 -1 0
377 331 -1 0
376 331 -1 0
375 331 -1 0
374 331 -1 0
373 331 -1 0
372 331 -1 0
371 331 -1 0
370 331 -1 0
369 331 -1 0
368 331 -1 0
367 331 -1 0
366 331 -1 0
365 331 -1 0
364 331 -1 0
363 331 -1 0
320 331 -1 0
319 331 -1 0
318 331 -1 0
317 331 -1 0
316 331 -1 0
315 331 -1 0
314 331 -1 0
313 331 -1 0
312 331 -1 0
311 331 -1 0
310 331 -1 0
309 331 -1 0
308 331 -1 0
307 331 -1 0
306 331 -1 0
305 331 -1 0
304 331 -1 0
303 331 -1 0
302 331 -1 0
301 331 -1 0
300 331 -1 0
299 331 -1 0
298 331 -1 0
297 331 -1 0
296 331 -1 0
295 331 -1 0
294 331 -1 0
293 331 -1 0
292 331 -1 0
291 331 -1 0
290 331 -1 0
289 331 -1 0
288 331 -1 0
287 331 -1 0
286 331 -1 0
285 331 -1 0
284 331 -1 0
283 331 -1 0
282 331 -1 0
382 330 -1 0
381 330 -1 0
380 330 -1 0
379 330 -1 0
378 330 -1 0
377 330 -1 0
376 330 -1 0
375 330 -1 0
374 330 -1 0
373 330 -1 0
372 330 -1 0
371 330 -1 0
370 330 -1 0
369 330 -1 0
368 330 -1 0
367 330 -1 0
366 330 -1 0
365 330 -1 0
364 330 -1 0
363 330 -1 0
321 330 -1 0
320 330 -1 0
319 330 -1 0
318 330 -1 0
317 330 -1 0
316 330 -1 0
315 330 -1 0
314 330 -1 0
313 330 -1 0
312 330 -1 0
311 330 -1 0
310 330 -1 0
309 330 -1 0
308 330 -1 0
307 330 -1 0
306 330 -1 0
305 330 -1 0
304 330 -1 0
303 330 -1 0
302 330 -1 0
301 330 -1 0
300 330 -1 0
299 330 -1 0
298 330 -1 0
297 330 -1 0
296 330 -1 0
295 330 -1 0
294 330 -1 0
293 330 -1 0
292 330 -1 0
291 330 -1 0
290 330 -1 0
289 330 -1 0
288 330 -1 0
287 330 -1 0
286 330 -1 0
285 330 -1 0
383 329 -1 0
382 329 -1 0
381 329 -1 0
380 329 -1 0
379 329 -1 0
378 329 -1 0
377 329 -1 0
376 329 -1 0
375 329 -1 0
374 329 -1 0
373 329 -1 0
372 329 -1 0
371 329 -1 0
370 329 -1 0
369 329 -1 0
368 329 -1 0
367 329 -1 0
366 329 -1 0
365 329 -1 0
364 329 -1 0
321 329 -1 0
320 329 -1 0
319 329 -1 0
318 329 -1 0
317 329 -1 0
316 329 -1 0
315 329 -1 0
314 329 -1 0
313 329 -1 0
312 329 -1 0
311 329 -1 0
310 329 -1 0
309 329 -1 0
308 329 -1 0
307 329 -1 0
306 329 -1 0
305 329 -1 0
304 329 -1 0
303 329 -1 0
302 329 -1 0
301 329 -1 0
300 329 -1 0
299 329 -1 0
298 329 -1 0
297 329 -1 0
296 329 -1 0
295 329 -1 0
294 329 -1 0
293 329 -1 0
292 329 -1 0
291 329 -1 0
290 329 -1 0
289 329 -1 0
288 329 -1 0
384 328 -1 0
383 328 -1 0
382 328 -1 0
381 328 -1 0
380 328 -1 0
379 328 -1 0
378 328 -1 0
377 328 -1 0
376 328 -1 0
375 328 -1 0
374 328 -1 0
373 328 -1 0
372 328 -1 0
371 328 -1 0
370 328 -1 0
369 328 -1 0
368 328 -1 0
367 328 -1 0
366 328 -1 0
365 328 -1 0
322 328 -1 0
321 328 -1 0
320 328 -1 0
319 328 -1 0
318 328 -1 0
317 328 -1 0
316 328 -1 0
315 328 -1 0
314 328 -1 0
313 328 -1 0
312 328 -1 0
311 328 -1 0
310 328 -1 0
309 328 -1 0
308 328 -1 0
307 328 -1 0
306 328 -1 0
305 328 -1 0
304 328 -1 0
303 328 -1 0
302 328 -1 0
301 328 -1 0
300 328 -1 0
299 328 -1 0
298 328 -1 0
297 328 -1 0
296 328 -1 0
295 328 -1 0
294 328 -1 0
293 328 -1 0
292 328 -1 0
291 328 -1 0
290 328 -1 0
289 328 -1 0
384 327 -1 0
383 327 -1 0
382 327 -1 0
381 327 -1 0
380 327 -1 0
379 327 -1 0
378 327 -1 0
377 327 -1 0
376 327 -1 0
375 327 -1 0
374 327 -1 0
373 327 -1 0
372 327 -1 0
371 327 -1 0
370 327 -1 0
369 327 -1 0
368 327 -1 0
367 327 -1 0
366 327 -1 0
322 327 -1 0
321 327 -1 0
320 327 -1 0
319 327 -1 0
318 327 -1 0
317 327 -1 0
316 327 -1 0
315 327 -1 0
314 327 -1 0
313 327 -1 0
312 327 -1 0
311 327 -1 0
310 327 -1 0
309 327 -1 0
308 327 -1 0
307 327 -1 0
306 327 -1 0
305 327 -1 0
304 327 -1 0
303 327 -1 0
302 327 -1 0
301 327 -1 0
300 327 -1 0
299 327 -1 0
298 327 -1 0
297 327 -1 0
296 327 -1 0
295 327 -1 0
294 327 -1 0
293 327 -1 0
292 327 -1 0
384 326 -1 0
383 326 -1 0
382 326 -1 0
381 326 -1 0
380 326 -1 0
379 326 -1 0
378 326 -1 0
377 326 -1 0
376 326 -1 0
375 326 -1 0
374 326 -1 0
373 326 -1 0
372 326 -1 0
371 326 -1 0
370 326 -1 0
369 326 -1 0
368 326 -1 0
367 326 -1 0
366 326 -1 0
323 326 -1 0
322 326 -1 0
321 326 -1 0
320 326 -1 0
319 326 -1 0
318 326 -1 0
317 326 -1 0
316 326 -1 0
315 326 -1 0
314 326 -1 0
313 326 -1 0
312 326 -1 0
311 326 -1 0
310 326 -1 0
309 326 -1 0
308 326 -1 0
307 326 -1 0
306 326 -1 0
305 326 -1 0
304 326 -1 0
303 326 -1 0
302 326 -1 0
301 326 -1 0
300 326 -1 0
299 326 -1 0
298 326 -1 0
297 326 -1 0
296 326 -1 0
295 326 -1 0
385 325 -1 0
384 325 -1 0
383 325 -1 0
382 325 -1 0
381 325 -1 0
380 325 -1 0
379 325 -1 0
378 325 -1 0
377 325 -1 0
376 325 -1 0
375 325 -1 0
374 325 -1 0
373 325 -1 0
372 325 -1 0
371 325 -1 0
370 325 -1 0
369 325 -1 0
368 325 -1 0
367 325 -1 0
324 325 -1 0
323 325 -1 0
322 325 -1 0
321 325 -1 0
320 325 -1 0
319 325 -1 0
318 325 -1 0
317 325 -1 0
316 325 -1 0
315 325 -1 0
314 325 -1 0
313 325 -1 0
312 325 -1 0
311 325 -1 0
310 325 -1 0
309 325 -1 0
308 325 -1 0
307 325 -1 0
306 325 -1 0
305 325 -1 0
304 325 -1 0
303 325 -1 0
302 325 -1 0
301 325 -1 0
300 325 -1 0
299 325 -1 0
298 325 -1 0
386 324 -1 0
385 324 -1 0
384 324 -1 0
383 324 -1 0
382 324 -1 0
381 324 -1 0
380 324 -1 0
379 324 -1 0
378 324 -1 0
377 324 -1 0
376 324 -1 0
375 324 -1 0
374 324 -1 0
373 324 -1 0
372 324 -1 0
371 324 -1 0
370 324 -1 0
369 324 -1 0
368 324 -1 0
367 324 -1 0
328 324 -1 0
327 324 -1 0
326 324 -1 0
325 324 -1 0
324 324 -1 0
323 324 -1 0
322 324 -1 0
321 324 -1 0
320 324 -1 0
319 324 -1 0
318 324 -1 0
317 324 -1 0
316 324 -1 0
315 324 -1 0
314 324 -1 0
313 324 -1 0
312 324 -1 0
311 324 -1 0
310 324 -1 0
309 324 -1 0
308 324 -1 0
307 324 -1 0
306 324 -1 0
305 324 -1 0
304 324 -1 0
303 324 -1 0
302 324 -1 0
301 324 -1 0
386 323 -1 0
385 323 -1 0
384 323 -1 0
383 323 -1 0
382 323 -1 0
381 323 -1 0
380 323 -1 0
379 323 -1 0
378 323 -1 0
377 323 -1 0
376 323 -1 0
375 323 -1 0
374 323 -1 0
373 323 -1 0
372 323 -1 0
371 323 -1 0
370 323 -1 0
369 323 -1 0
368 323 -1 0
331 323 -1 0
330 323 -1 0
329 323 -1 0
328 323 -1 0
327 323 -1 0
326 323 -1 0
325 323 -1 0
324 323 -1 0
323 323 -1 0
322 323 -1 0
321 323 -1 0
320 323 -1 0
319 323 -1 0
318 323 -1 0
317 323 -1 0
316 323 -1 0
315 323 -1 0
314 323 -1 0
313 323 -1 0
312 323 -1 0
311 323 -1 0
310 323 -1 0
309 323 -1 0
308 323 -1 0
307 323 -1 0
306 323 -1 0
305 323 -1 0
304 323 -1 0
303 323 -1 0
386 322 -1 0
385 322 -1 0
384 322 -1 0
383 322 -1 0
382 322 -1 0
381 322 -1 0
380 322 -1 0
379 322 -1 0
378 322 -1 0
377 322 -1 0
376 322 -1 0
375 322 -1 0
374 322 -1 0
373 322 -1 0
372 322 -1 0
371 322 -1 0
370 322 -1 0
369 322 -1 0
368 322 -1 0
333 322 -1 0
332 322 -1 0
331 322 -1 0
330 322 -1 0
329 322 -1 0
328 322 -1 0
327 322 -1 0
326 322 -1 0
325 322 -1 0
324 322 -1 0
323 322 -1 0
322 322 -1 0
321 322 -1 0
320 322 -1 0
319 322 -1 0
318 322 -1 0
317 322 -1 0
316 322 -1 0
315 322 -1 0
314 322 -1 0
313 322 -1 0
312 322 -1 0
311 322 -1 0
310 322 -1 0
309 322 -1 0
308 322 -1 0
307 322 -1 0
306 322 -1 0
305 322 -1 0
304 322 -1 0
387 321 -1 0
386 321 -1 0
385 321 -1 0
384 321 -1 0
383 321 -1 0
382 321 -1 0
381 321 -1 0
380 321 -1 0
379 321 -1 0
378 321 -1 0
377 321 -1 0
376 321 -1 0
375 321 -1 0
374 321 -1 0
373 321 -1 0
372 321 -1 0
371 321 -1 0
370 321 -1 0
369 321 -1 0
368 321 -1 0
335 321 -1 0
334 321 -1 0
333 321 -1 0
332 321 -1 0
331 321 -1 0
330 321 -1 0
329 321 -1 0
328 321 -1 0
327 321 -1 0
326 321 -1 0
325 321 -1 0
324 321 -1 0
323 321 -1 0
322 321 -1 0
321 321 -1 0
320 321 -1 0
319 321 -1 0
318 321 -1 0
317 321 -1 0
316 321 -1 0
315 321 -1 0
314 321 -1 0
313 321 -1 0
312 321 -1 0
311 321 -1 0
310 321 -1 0
309 321 -1 0
308 321 -1 0
307 321 -1 0
306 321 -1 0
305 321 -1 0
387 320 -1 0
386 320 -1 0
385 320 -1 0
384 320 -1 0
383 320 -1 0
382 320 -1 0
381 320 -1 0
380 320 -1 0
379 320 -1 0
378 320 -1 0
377 320 -1 0
376 320 -1 0
375 320 -1 0
374 320 -1 0
373 320 -1 0
372 320 -1 0
371 320 -1 0
370 320 -1 0
369 320 -1 0
338 320 -1 0
337 320 -1 0
336 320 -1 0
335 320 -1 0
334 320 -1 0
333 320 -1 0
332 320 -1 0
331 320 -1 0
330 320 -1 0
329 320 -1 0
328 320 -1 0
327 320 -1 0
326 320 -1 0
325 320 -1 0
324 320 -1 0
323 320 -1 0
322 320 -1 0
321 320 -1 0
320 320 -1 0
319 320 -1 0
318 320 -1 0
317 320 -1 0
316 320 -1 0
315 320 -1 0
314 320 -1 0
313 320 -1 0
312 320 -1 0
311 320 -1 0
310 320 -1 0
309 320 -1 0
308 320 -1 0
387 319 -1 0
386 319 -1 0
385 319 -1 0
384 319 -1 0
383 319 -1 0
382 319 -1 0
381 319 -1 0
380 319 -1 0
379 319 -1 0
378 319 -1 0
377 319 -1 0
376 319 -1 0
375 319 -1 0
374 319 -1 0
373 319 -1 0
372 319 -1 0
371 319 -1 0
370 319 -1 0
341 319 -1 0
340 319 -1 0
339 319 -1 0
338 319 -1 0
337 319 -1 0
336 319 -1 0
335 319 -1 0
334 319 -1 0
333 319 -1 0
332 319 -1 0
331 319 -1 0
330 319 -1 0
329 319 -1 0
328 319 -1 0
327 319 -1 0
326 319 -1 0
325 319 -1 0
324 319 -1 0
323 319 -1 0
322 319 -1 0
321 319 -1 0
320 319 -1 0
319 319 -1 0
318 319 -1 0
317 319 -1 0
316 319 -1 0
315 319 -1 0
314 319 -1 0
313 319 -1 0
312 319 -1 0
311 319 -1 0
310 319 -1 0
388 318 -1 0
387 318 -1 0
386 318 -1 0
385 318 -1 0
384 318 -1 0
383 318 -1 0
382 318 -1 0
381 318 -1 0
380 318 -1 0
379 318 -1 0
378 318 -1 0
377 318 -1 0
376 318 -1 0
375 318 -1 0
374 318 -1 0
373 318 -1 0
372 318 -1 0
371 318 -1 0
370 318 -1 0
342 318 -1 0
341 318 -1 0
340 318 -1 0
339 318 -1 0
338 318 -1 0
337 318 -1 0
336 318 -1 0
335 318 -1 0
334 318 -1 0
333 318 -1 0
332 318 -1 0
331 318 -1 0
330 318 -1 0
329 318 -1 0
328 318 -1 0
327 318 -1 0
326 318 -1 0
325 318 -1 0
324 318 -1 0
323 318 -1 0
322 318 -1 0
321 318 -1 0
320 318 -1 0
319 318 -1 0
318 318 -1 0
317 318 -1 0
316 318 -1 0
315 318 -1 0
314 318 -1 0
313 318 -1 0
388 317 -1 0
387 317 -1 0
386 317 -1 0
385 317 -1 0
384 317 -1 0
383 317 -1 0
382 317 -1 0
381 317 -1 0
380 317 -1 0
379 317 -1 0
378 317 -1 0
377 317 -1 0
376 317 -1 0
375 317 -1 0
374 317 -1 0
373 317 -1 0
372 317 -1 0
371 317 -1 0
344 317 -1 0
343 317 -1 0
342 317 -1 0
341 317 -1 0
340 317 -1 0
339 317 -1 0
338 317 -1 0
337 317 -1 0
336 317 -1 0
335 317 -1 0
334 317 -1 0
333 317 -1 0
332 317 -1 0
331 317 -1 0
330 317 -1 0
329 317 -1 0
328 317 -1 0
327 317 -1 0
326 317 -1 0
325 317 -1 0
324 317 -1 0
323 317 -1 0
322 317 -1 0
321 317 -1 0
320 317 -1 0
319 317 -1 0
318 317 -1 0
317 317 -1 0
316 317 -1 0
388 316 -1 0
387 316 -1 0
386 316 -1 0
385 316 -1 0
384 316 -1 0
383 316 -1 0
382 316 -1 0
381 316 -1 0
380 316 -1 0
379 316 -1 0
378 316 -1 0
377 316 -1 0
376 316 -1 0
375 316 -1 0
374 316 -1 0
373 316 -1 0
372 316 -1 0
371 316 -1 0
347 316 -1 0
346 316 -1 0
345 316 -1 0
344 316 -1 0
343 316 -1 0
342 316 -1 0
341 316 -1 0
340 316 -1 0
339 316 -1 0
338 316 -1 0
337 316 -1 0
336 316 -1 0
335 316 -1 0
334 316 -1 0
333 316 -1 0
332 316 -1 0
331 316 -1 0
330 316 -1 0
329 316 -1 0
328 316 -1 0
327 316 -1 0
326 316 -1 0
325 316 -1 0
324 316 -1 0
323 316 -1 0
322 316 -1 0
321 316 -1 0
320 316 -1 0
319 316 -1 0
318 316 -1 0
317 316 -1 0
316 316 -1 0
388 315 -1 0
387 315 -1 0
386 315 -1 0
385 315 -1 0
384 315 -1 0
383 315 -1 0
382 315 -1 0
381 315 -1 0
380 315 -1 0
379 315 -1 0
378 315 -1 0
377 315 -1 0
376 315 -1 0
375 315 -1 0
374 315 -1 0
373 315 -1 0
372 315 -1 0
371 315 -1 0
349 315 -1 0
348 315 -1 0
347 315 -1 0
346 315 -1 0
345 315 -1 0
344 315 -1 0
343 315 -1 0
342 315 -1 0
341 315 -1 0
340 315 -1 0
339 315 -1 0
338 315 -1 0
337 315 -1 0
336 315 -1 0
335 315 -1 0
334 315 -1 0
333 315 -1 0
332 315 -1 0
331 315 -1 0
330 315 -1 0
329 315 -1 0
328 315 -1 0
327 315 -1 0
326 315 -1 0
325 315 -1 0
324 315 -1 0
323 315 -1 0
322 315 -1 0
321 315 -1 0
320 315 -1 0
319 315 -1 0
318 315 -1 0
317 315 -1 0
388 314 -1 0
387 314 -1 0
386 314 -1 0
385 314 -1 0
384 314 -1 0
383 314 -1 0
382 314 -1 0
381 314 -1 0
380 314 -1 0
379 314 -1 0
378 314 -1 0
377 314 -1 0
376 314 -1 0
375 314 -1 0
374 314 -1 0
373 314 -1 0
372 314 -1 0
371 314 -1 0
351 314 -1 0
350 314 -1 0
349 314 -1 0
348 314 -1 0
347 314 -1 0
346 314 -1 0
345 314 -1 0
344 314 -1 0
343 314 -1 0
342 314 -1 0
341 314 -1 0
340 314 -1 0
339 314 -1 0
338 314 -1 0
337 314 -1 0
336 314 -1 0
335 314 -1 0
334 314 -1 0
333 314 -1 0
332 314 -1 0
331 314 -1 0
330 314 -1 0
329 314 -1 0
328 314 -1 0
327 314 -1 0
326 314 -1 0
325 314 -1 0
324 314 -1 0
323 314 -1 0
322 314 -1 0
321 314 -1 0
320 314 -1 0
319 314 -1 0
318 314 -1 0
388 313 -1 0
387 313 -1 0
386 313 -1 0
385 313 -1 0
384 313 -1 0
383 313 -1 0
382 313 -1 0
381 313 -1 0
380 313 -1 0
379 313 -1 0
378 313 -1 0
377 313 -1 0
376 313 -1 0
375 313 -1 0
374 313 -1 0
373 313 -1 0
372 313 -1 0
371 313 -1 0
353 313 -1 0
352 313 -1 0
351 313 -1 0
350 313 -1 0
349 313 -1 0
348 313 -1 0
347 313 -1 0
346 313 -1 0
345 313 -1 0
344 313 -1 0
343 313 -1 0
342 313 -1 0
341 313 -1 0
340 313 -1 0
339 313 -1 0
338 313 -1 0
337 313 -1 0
336 313 -1 0
335 313 -1 0
334 313 -1 0
333 313 -1 0
332 313 -1 0
331 313 -1 0
330 313 -1 0
329 313 -1 0
328 313 -1 0
327 313 -1 0
326 313 -1 0
325 313 -1 0
324 313 -1 0
323 313 -1 0
322 313 -1 0
321 313 -1 0
320 313 -1 0
319 313 -1 0
318 313 -1 0
389 312 -1 0
388 312 -1 0
387 312 -1 0
386 312 -1 0
385 312 -1 0
384 312 -1 0
383 312 -1 0
382 312 -1 0
381 312 -1 0
380 312 -1 0
379 312 -1 0
378 312 -1 0
377 312 -1 0
376 312 -1 0
375 312 -1 0
374 312 -1 0
373 312 -1 0
372 312 -1 0
371 312 -1 0
370 312 -1 0
355 312 -1 0
354 312 -1 0
353 312 -1 0
352 312 -1 0
351 312 -1 0
350 312 -1 0
349 312 -1 0
348 312 -1 0
347 312 -1 0
346 312 -1 0
345 312 -1 0
344 312 -1 0
343 312 -1 0
342 312 -1 0
341 312 -1 0
340 312 -1 0
339 312 -1 0
338 312 -1 0
337 312 -1 0
336 312 -1 0
335 312 -1 0
334 312 -1 0
333 312 -1 0
332 312 -1 0
331 312 -1 0
330 312 -1 0
329 312 -1 0
328 312 -1 0
327 312 -1 0
326 312 -1 0
325 312 -1 0
324 312 -1 0
323 312 -1 0
322 312 -1 0
321 312 -1 0
320 312 -1 0
319 312 -1 0
389 311 -1 0
388 311 -1 0
387 311 -1 0
386 311 -1 0
385 311 -1 0
384 311 -1 0
383 311 -1 0
382 311 -1 0
381 311 -1 0
380 311 -1 0
379 311 -1 0
378 311 -1 0
377 311 -1 0
376 311 -1 0
375 311 -1 0
374 311 -1 0
373 311 -1 0
372 311 -1 0
371 311 -1 0
370 311 -1 0
369 311 -1 0
358 311 -1 0
357 311 -1 0
356 311 -1 0
355 311 -1 0
354 311 -1 0
353 311 -1 0
352 311 -1 0
351 311 -1 0
350 311 -1 0
349 311 -1 0
348 311 -1 0
347 311 -1 0
346 311 -1 0
345 311 -1 0
344 311 -1 0
343 311 -1 0
342 311 -1 0
341 311 -1 0
340 311 -1 0
339 311 -1 0
338 311 -1 0
337 311 -1 0
336 311 -1 0
335 311 -1 0
334 311 -1 0
333 311 -1 0
332 311 -1 0
331 311 -1 0
330 311 -1 0
329 311 -1 0
328 311 -1 0
327 311 -1 0
326 311 -1 0
325 311 -1 0
324 311 -1 0
323 311 -1 0
322 311 -1 0
321 311 -1 0
320 311 -1 0
389 310 -1 0
388 310 -1 0
387 310 -1 0
386 310 -1 0
385 310 -1 0
384 310 -1 0
383 310 -1 0
382 310 -1 0
381 310 -1 0
380 310 -1 0
379 310 -1 0
378 310 -1 0
377 310 -1 0
376 310 -1 0
375 310 -1 0
374 310 -1 0
373 310 -1 0
372 310 -1 0
371 310 -1 0
370 310 -1 0
369 310 -1 0
360 310 -1 0
359 310 -1 0
358 310 -1 0
357 310 -1 0
356 310 -1 0
355 310 -1 0
354 310 -1 0
353 310 -1 0
352 310 -1 0
351 310 -1 0
350 310 -1 0
349 310 -1 0
348 310 -1 0
347 310 -1 0
346 310 -1 0
345 310 -1 0
344 310 -1 0
343 310 -1 0
342 310 -1 0
341 310 -1 0
340 310 -1 0
339 310 -1 0
338 310 -1 0
337 310 -1 0
336 310 -1 0
335 310 -1 0
334 310 -1 0
333 310 -1 0
332 310 -1 0
331 310 -1 0
330 310 -1 0
329 310 -1 0
328 310 -1 0
327 310 -1 0
326 310 -1 0
325 310 -1 0
324 310 -1 0
323 310 -1 0
322 310 -1 0
321 310 -1 0
320 310 -1 0
389 309 -1 0
388 309 -1 0
387 309 -1 0
386 309 -1 0
385 309 -1 0
384 309 -1 0
383 309 -1 0
382 309 -1 0
381 309 -1 0
380 309 -1 0
379 309 -1 0
378 309 -1 0
377 309 -1 0
376 309 -1 0
375 309 -1 0
374 309 -1 0
373 309 -1 0
372 309 -1 0
371 309 -1 0
370 309 -1 0
369 309 -1 0
363 309 -1 0
362 309 -1 0
361 309 -1 0
360 309 -1 0
359 309 -1 0
358 309 -1 0
357 309 -1 0
356 309 -1 0
355 309 -1 0
354 309 -1 0
353 309 -1 0
352 309 -1 0
351 309 -1 0
350 309 -1 0
349 309 -1 0
348 309 -1 0
347 309 -1 0
346 309 -1 0
345 309 -1 0
344 309 -1 0
343 309 -1 0
342 309 -1 0
341 309 -1 0
340 309 -1 0
339 309 -1 0
338 309 -1 0
337 309 -1 0
336 309 -1 0
335 309 -1 0
334 309 -1 0
333 309 -1 0
332 309 -1 0
331 309 -1 0
330 309 -1 0
329 309 -1 0
328 309 -1 0
327 309 -1 0
326 309 -1 0
325 309 -1 0
324 309 -1 0
323 309 -1 0
322 309 -1 0
321 309 -1 0
389 308 -1 0
388 308 -1 0
387 308 -1 0
386 308 -1 0
385 308 -1 0
384 308 -1 0
383 308 -1 0
382 308 -1 0
381 308 -1 0
380 308 -1 0
379 308 -1 0
378 308 -1 0
377 308 -1 0
376 308 -1 0
375 308 -1 0
374 308 -1 0
373 308 -1 0
372 308 -1 0
371 308 -1 0
370 308 -1 0
369 308 -1 0
368 308 -1 0
365 308 -1 0
364 308 -1 0
363 308 -1 0
362 308 -1 0
361 308 -1 0
360 308 -1 0
359 308 -1 0
358 308 -1 0
357 308 -1 0
356 308 -1 0
355 308 -1 0
354 308 -1 0
353 308 -1 0
352 308 -1 0
351 308 -1 0
350 308 -1 0
349 308 -1 0
348 308 -1 0
347 308 -1 0
346 308 -1 0
345 308 -1 0
344 308 -1 0
343 308 -1 0
342 308 -1 0
341 308 -1 0
340 308 -1 0
339 308 -1 0
338 308 -1 0
337 308 -1 0
336 308 -1 0
335 308 -1 0
334 308 -1 0
333 308 -1 0
332 308 -1 0
331 308 -1 0
330 308 -1 0
329 308 -1 0
328 308 -1 0
327 308 -1 0
326 308 -1 0
325 308 -1 0
324 308 -1 0
323 308 -1 0
322 308 -1 0
389 307 -1 0
388 307 -1 0
387 307 -1 0
386 307 -1 0
385 307 -1 0
384 307 -1 0
383 307 -1 0
382 307 -1 0
381 307 -1 0
380 307 -1 0
379 307 -1 0
378 307 -1 0
377 307 -1 0
376 307 -1 0
375 307 -1 0
374 307 -1 0
373 307 -1 0
372 307 -1 0
371 307 -1 0
370 307 -1 0
369 307 -1 0
368 307 -1 0
367 307 -1 0
366 307 -1 0
365 307 -1 0
364 307 -1 0
363 307 -1 0
362 307 -1 0
361 307 -1 0
360 307 -1 0
359 307 -1 0
358 307 -1 0
357 307 -1 0
356 307 -1 0
355 307 -1 0
354 307 -1 0
353 307 -1 0
352 307 -1 0
351 307 -1 0
350 307 -1 0
349 307 -1 0
348 307 -1 0
347 307 -1 0
346 307 -1 0
345 307 -1 0
344 307 -1 0
343 307 -1 0
342 307 -1 0
341 307 -1 0
340 307 -1 0
339 307 -1 0
338 307 -1 0
337 307 -1 0
336 307 -1 0
335 307 -1 0
334 307 -1 0
333 307 -1 0
332 307 -1 0
331 307 -1 0
330 307 -1 0
329 307 -1 0
328 307 -1 0
327 307 -1 0
326 307 -1 0
325 307 -1 0
324 307 -1 0
323 307 -1 0
389 306 -1 0
388 306 -1 0
387 306 -1 0
386 306 -1 0
385 306 -1 0
384 306 -1 0
383 306 -1 0
382 306 -1 0
381 306 -1 0
380 306 -1 0
379 306 -1 0
378 306 -1 0
377 306 -1 0
376 306 -1 0
375 306 -1 0
374 306 -1 0
373 306 -1 0
372 306 -1 0
371 306 -1 0
370 306 -1 0
369 306 -1 0
368 306 -1 0
367 306 -1 0
366 306 -1 0
365 306 -1 0
364 306 -1 0
363 306 -1 0
362 306 -1 0
361 306 -1 0
360 306 -1 0
359 306 -1 0
358 306 -1 0
357 306 -1 0
356 306 -1 0
355 306 -1 0
354 306 -1 0
353 306 -1 0
352 306 -1 0
351 306 -1 0
350 306 -1 0
349 306 -1 0
348 306 -1 0
347 306 -1 0
346 306 -1 0
345 306 -1 0
344 306 -1 0
343 306 -1 0
342 306 -1 0
341 306 -1 0
340 306 -1 0
339 306 -1 0
338 306 -1 0
337 306 -1 0
336 306 -1 0
335 306 -1 0
334 306 -1 0
333 306 -1 0
332 306 -1 0
331 306 -1 0
330 306 -1 0
329 306 -1 0
328 306 -1 0
327 306 -1 0
326 306 -1 0
325 306 -1 0
324 306 -1 0
323 306 -1 0
389 305 -1 0
388 305 -1 0
387 305 -1 0
386 305 -1 0
385 305 -1 0
384 305 -1 0
383 305 -1 0
382 305 -1 0
381 305 -1 0
380 305 -1 0
379 305 -1 0
378 305 -1 0
377 305 -1 0
376 305 -1 0
375 305 -1 0
374 305 -1 0
373 305 -1 0
372 305 -1 0
371 305 -1 0
370 305 -1 0
369 305 -1 0
368 305 -1 0
367 305 -1 0
366 305 -1 0
365 305 -1 0
364 305 -1 0
363 305 -1 0
362 305 -1 0
361 305 -1 0
360 305 -1 0
359 305 -1 0
358 305 -1 0
357 305 -1 0
356 305 -1 0
355 305 -1 0
354 305 -1 0
353 305 -1 0
352 305 -1 0
351 305 -1 0
350 305 -1 0
349 305 -1 0
348 305 -1 0
347 305 -1 0
346 305 -1 0
345 305 -1 0
344 305 -1 0
343 305 -1 0
342 305 -1 0
341 305 -1 0
340 305 -1 0
339 305 -1 0
338 305 -1 0
337 305 -1 0
336 305 -1 0
335 305 -1 0
334 305 -1 0
333 305 -1 0
332 305 -1 0
331 305 -1 0
330 305 -1 0
329 305 -1 0
328 305 -1 0
327 305 -1 0
326 305 -1 0
325 305 -1 0
324 305 -1 0
389 304 -1 0
388 304 -1 0
387 304 -1 0
386 304 -1 0
385 304 -1 0
384 304 -1 0
383 304 -1 0
382 304 -1 0
381 304 -1 0
380 304 -1 0
378 304 -1 0
377 304 -1 0
376 304 -1 0
375 304 -1 0
374 304 -1 0
373 304 -1 0
372 304 -1 0
371 304 -1 0
370 304 -1 0
369 304 -1 0
368 304 -1 0
367 304 -1 0
366 304 -1 0
365 304 -1 0
364 304 -1 0
363 304 -1 0
362 304 -1 0
361 304 -1 0
360 304 -1 0
359 304 -1 0
358 304 -1 0
357 304 -1 0
356 304 -1 0
355 304 -1 0
354 304 -1 0
353 304 -1 0
352 304 -1 0
351 304 -1 0
350 304 -1 0
349 304 -1 0
348 304 -1 0
347 304 -1 0
346 304 -1 0
345 304 -1 0
344 304 -1 0
343 304 -1 0
342 304 -1 0
341 304 -1 0
340 304 -1 0
339 304 -1 0
338 304 -1 0
337 304 -1 0
336 304 -1 0
335 304 -1 0
334 304 -1 0
333 304 -1 0
332 304 -1 0
331 304 -1 0
330 304 -1 0
329 304 -1 0
328 304 -1 0
327 304 -1 0
326 304 -1 0
325 304 -1 0
389 303 -1 0
388 303 -1 0
387 303 -1 0
386 303 -1 0
385 303 -1 0
384 303 -1 0
383 303 -1 0
382 303 -1 0
381 303 -1 0
380 303 -1 0
379 303 -1 0
378 303 -1 0
377 303 -1 0
376 303 -1 0
375 303 -1 0
374 303 -1 0
373 303 -1 0
372 303 -1 0
371 303 -1 0
370 303 -1 0
369 303 -1 0
368 303 -1 0
367 303 -1 0
366 303 -1 0
365 303 -1 0
364 303 -1 0
363 303 -1 0
362 303 -1 0
361 303 -1 0
360 303 -1 0
359 303 -1 0
358 303 -1 0
357 303 -1 0
356 303 -1 0
355 303 -1 0
354 303 -1 0
353 303 -1 0
352 303 -1 0
351 303 -1 0
350 303 -1 0
349 303 -1 0
348 303 -1 0
347 303 -1 0
346 303 -1 0
345 303 -1 0
344 303 -1 0
343 303 -1 0
342 303 -1 0
341 303 -1 0
340 303 -1 0
339 303 -1 0
338 303 -1 0
337 303 -1 0
336 303 -1 0
335 303 -1 0
334 303 -1 0
333 303 -1 0
332 303 -1 0
331 303 -1 0
330 303 -1 0
329 303 -1 0
328 303 -1 0
327 303 -1 0
326 303 -1 0
390 302 -1 0
389 302 -1 0
388 302 -1 0
387 302 -1 0
386 302 -1 0
385 302 -1 0
384 302 -1 0
383 302 -1 0
382 302 -1 0
381 302 -1 0
380 302 -1 0
379 302 -1 0
378 302 -1 0
377 302 -1 0
376 302 -1 0
375 302 -1 0
374 302 -1 0
373 302 -1 0
372 302 -1 0
371 302 -1 0
370 302 -1 0
369 302 -1 0
368 302 -1 0
367 302 -1 0
366 302 -1 0
365 302 -1 0
364 302 -1 0
363 302 -1 0
362 302 -1 0
361 302 -1 0
360 302 -1 0
359 302 -1 0
358 302 -1 0
357 302 -1 0
356 302 -1 0
355 302 -1 0
354 302 -1 0
353 302 -1 0
352 302 -1 0
351 302 -1 0
350 302 -1 0
349 302 -1 0
348 302 -1 0
347 302 -1 0
346 302 -1 0
345 302 -1 0
344 302 -1 0
343 302 -1 0
342 302 -1 0
341 302 -1 0
340 302 -1 0
339 302 -1 0
338 302 -1 0
337 302 -1 0
336 302 -1 0
335 302 -1 0
334 302 -1 0
333 302 -1 0
332 302 -1 0
331 302 -1 0
330 302 -1 0
329 302 -1 0
328 302 -1 0
327 302 -1 0
390 301 -1 0
389 301 -1 0
388 301 -1 0
387 301 -1 0
386 301 -1 0
385 301 -1 0
384 301 -1 0
383 301 -1 0
382 301 -1 0
381 301 -1 0
380 301 -1 0
379 301 -1 0
378 301 -1 0
377 301 -1 0
376 301 -1 0
375 301 -1 0
374 301 -1 0
373 301 -1 0
372 301 -1 0
371 301 -1 0
370 301 -1 0
369 301 -1 0
368 301 -1 0
367 301 -1 0
366 301 -1 0
365 301 -1 0
364 301 -1 0
363 301 -1 0
362 301 -1 0
361 301 -1 0
360 301 -1 0
359 301 -1 0
358 301 -1 0
357 301 -1 0
356 301 -1 0
355 301 -1 0
354 301 -1 0
353 301 -1 0
352 301 -1 0
351 301 -1 0
350 301 -1 0
349 301 -1 0
348 301 -1 0
347 301 -1 0
346 301 -1 0
345 301 -1 0
344 301 -1 0
343 301 -1 0
342 301 -1 0
341 301 -1 0
340 301 -1 0
339 301 -1 0
338 301 -1 0
337 301 -1 0
336 301 -1 0
335 301 -1 0
334 301 -1 0
333 301 -1 0
332 301 -1 0
331 301 -1 0
330 301 -1 0
329 301 -1 0
328 301 -1 0
390 300 -1 0
389 300 -1 0
388 300 -1 0
387 300 -1 0
386 300 -1 0
385 300 -1 0
384 300 -1 0
383 300 -1 0
382 300 -1 0
381 300 -1 0
380 300 -1 0
379 300 -1 0
378 300 -1 0
377 300 -1 0
376 300 -1 0
375 300 -1 0
374 300 -1 0
373 300 -1 0
372 300 -1 0
371 300 -1 0
370 300 -1 0
369 300 -1 0
368 300 -1 0
367 300 -1 0
366 300 -1 0
365 300 -1 0
364 300 -1 0
363 300 -1 0
362 300 -1 0
361 300 -1 0
360 300 -1 0
359 300 -1 0
358 300 -1 0
357 300 -1 0
356 300 -1 0
355 300 -1 0
354 300 -1 0
353 300 -1 0
352 300 -1 0
351 300 -1 0
350 300 -1 0
349 300 -1 0
348 300 -1 0
347 300 -1 0
346 300 -1 0
345 300 -1 0
344 300 -1 0
343 300 -1 0
342 300 -1 0
341 300 -1 0
340 300 -1 0
339 300 -1 0
338 300 -1 0
337 300 -1 0
336 300 -1 0
335 300 -1 0
334 300 -1 0
333 300 -1 0
332 300 -1 0
331 300 -1 0
330 300 -1 0
329 300 -1 0
390 299 -1 0
389 299 -1 0
388 299 -1 0
387 299 -1 0
386 299 -1 0
385 299 -1 0
384 299 -1 0
383 299 -1 0
382 299 -1 0
381 299 -1 0
380 299 -1 0
379 299 -1 0
378 299 -1 0
377 299 -1 0
376 299 -1 0
375 299 -1 0
374 299 -1 0
373 299 -1 0
372 299 -1 0
371 299 -1 0
370 299 -1 0
369 299 -1 0
368 299 -1 0
367 299 -1 0
366 299 -1 0
365 299 -1 0
364 299 -1 0
363 299 -1 0
362 299 -1 0
361 299 -1 0
360 299 -1 0
359 299 -1 0
358 299 -1 0
357 299 -1 0
356 299 -1 0
355 299 -1 0
354 299 -1 0
353 299 -1 0
352 299 -1 0
351 299 -1 0
350 299 -1 0
349 299 -1 0
348 299 -1 0
347 299 -1 0
346 299 -1 0
345 299 -1 0
344 299 -1 0
343 299 -1 0
342 299 -1 0
341 299 -1 0
340 299 -1 0
339 299 -1 0
338 299 -1 0
337 299 -1 0
336 299 -1 0
335 299 -1 0
334 299 -1 0
333 299 -1 0
332 299 -1 0
331 299 -1 0
330 299 -1 0
390 298 -1 0
389 298 -1 0
388 298 -1 0
387 298 -1 0
386 298 -1 0
385 298 -1 0
384 298 -1 0
383 298 -1 0
382 298 -1 0
381 298 -1 0
380 298 -1 0
379 298 -1 0
378 298 -1 0
377 298 -1 0
376 298 -1 0
375 298 -1 0
374 298 -1 0
373 298 -1 0
372 298 -1 0
371 298 -1 0
370 298 -1 0
369 298 -1 0
368 298 -1 0
367 298 -1 0
366 298 -1 0
365 298 -1 0
364 298 -1 0
363 298 -1 0
362 298 -1 0
361 298 -1 0
360 298 -1 0
359 298 -1 0
358 298 -1 0
357 298 -1 0
356 298 -1 0
355 298 -1 0
354 298 -1 0
353 298 -1 0
352 298 -1 0
351 298 -1 0
350 298 -1 0
349 298 -1 0
348 298 -1 0
347 298 -1 0
346 298 -1 0
345 298 -1 0
344 298 -1 0
343 298 -1 0
342 298 -1 0
341 298 -1 0
340 298 -1 0
339 298 -1 0
338 298 -1 0
337 298 -1 0
336 298 -1 0
335 298 -1 0
334 298 -1 0
333 298 -1 0
332 298 -1 0
391 297 -1 0
390 297 -1 0
389 297 -1 0
388 297 -1 0
387 297 -1 0
386 297 -1 0
385 297 -1 0
384 297 -1 0
383 297 -1 0
382 297 -1 0
381 297 -1 0
380 297 -1 0
379 297 -1 0
378 297 -1 0
377 297 -1 0
376 297 -1 0
375 297 -1 0
374 297 -1 0
373 297 -1 0
372 297 -1 0
371 297 -1 0
370 297 -1 0
369 297 -1 0
368 297 -1 0
367 297 -1 0
366 297 -1 0
365 297 -1 0
364 297 -1 0
363 297 -1 0
362 297 -1 0
361 297 -1 0
360 297 -1 0
359 297 -1 0
358 297 -1 0
357 297 -1 0
356 297 -1 0
355 297 -1 0
354 297 -1 0
353 297 -1 0
352 297 -1 0
351 297 -1 0
350 297 -1 0
349 297 -1 0
348 297 -1 0
347 297 -1 0
346 297 -1 0
345 297 -1 0
344 297 -1 0
343 297 -1 0
342 297 -1 0
341 297 -1 0
340 297 -1 0
339 297 -1 0
338 297 -1 0
337 297 -1 0
336 297 -1 0
335 297 -1 0
334 297 -1 0
333 297 -1 0
391 296 -1 0
390 296 -1 0
389 296 -1 0
388 296 -1 0
387 296 -1 0
386 296 -1 0
385 296 -1 0
384 296 -1 0
383 296 -1 0
382 296 -1 0
381 296 -1 0
380 296 -1 0
379 296 -1 0
378 296 -1 0
377 296 -1 0
376 296 -1 0
375 296 -1 0
374 296 -1 0
373 296 -1 0
372 296 -1 0
371 296 -1 0
370 296 -1 0
369 296 -1 0
368 296 -1 0
367 296 -1 0
366 296 -1 0
365 296 -1 0
364 296 -1 0
363 296 -1 0
362 296 -1 0
361 296 -1 0
360 296 -1 0
359 296 -1 0
358 296 -1 0
357 296 -1 0
356 296 -1 0
355 296 -1 0
354 296 -1 0
353 296 -1 0
352 296 -1 0
351 296 -1 0
350 296 -1 0
349 296 -1 0
348 296 -1 0
347 296 -1 0
346 296 -1 0
345 296 -1 0
344 296 -1 0
343 296 -1 0
342 296 -1 0
341 296 -1 0
340 296 -1 0
339 296 -1 0
338 296 -1 0
337 296 -1 0
336 296 -1 0
335 296 -1 0
334 296 -1 0
391 295 -1 0
390 295 -1 0
389 295 -1 0
388 295 -1 0
387 295 -1 0
386 295 -1 0
385 295 -1 0
384 295 -1 0
383 295 -1 0
382 295 -1 0
381 295 -1 0
380 295 -1 0
379 295 -1 0
378 295 -1 0
377 295 -1 0
376 295 -1 0
375 295 -1 0
374 295 -1 0
373 295 -1 0
372 295 -1 0
371 295 -1 0
370 295 -1 0
369 295 -1 0
368 295 -1 0
367 295 -1 0
366 295 -1 0
365 295 -1 0
364 295 -1 0
363 295 -1 0
362 295 -1 0
361 295 -1 0
360 295 -1 0
359 295 -1 0
358 295 -1 0
357 295 -1 0
356 295 -1 0
355 295 -1 0
354 295 -1 0
353 295 -1 0
352 295 -1 0
351 295 -1 0
350 295 -1 0
349 295 -1 0
348 295 -1 0
347 295 -1 0
346 295 -1 0
345 295 -1 0
344 295 -1 0
343 295 -1 0
342 295 -1 0
341 295 -1 0
340 295 -1 0
339 295 -1 0
338 295 -1 0
337 295 -1 0
336 295 -1 0
335 295 -1 0
391 294 -1 0
390 294 -1 0
389 294 -1 0
388 294 -1 0
387 294 -1 0
386 294 -1 0
385 294 -1 0
384 294 -1 0
383 294 -1 0
382 294 -1 0
381 294 -1 0
380 294 -1 0
379 294 -1 0
378 294 -1 0
377 294 -1 0
376 294 -1 0
375 294 -1 0
374 294 -1 0
373 294 -1 0
372 294 -1 0
371 294 -1 0
370 294 -1 0
369 294 -1 0
368 294 -1 0
367 294 -1 0
366 294 -1 0
365 294 -1 0
364 294 -1 0
363 294 -1 0
362 294 -1 0
361 294 -1 0
360 294 -1 0
359 294 -1 0
358 294 -1 0
357 294 -1 0
356 294 -1 0
355 294 -1 0
354 294 -1 0
353 294 -1 0
352 294 -1 0
351 294 -1 0
350 294 -1 0
349 294 -1 0
348 294 -1 0
347 294 -1 0
346 294 -1 0
345 294 -1 0
344 294 -1 0
343 294 -1 0
342 294 -1 0
341 294 -1 0
340 294 -1 0
339 294 -1 0
338 294 -1 0
337 294 -1 0
390 293 -1 0
389 293 -1 0
388 293 -1 0
387 293 -1 0
386 293 -1 0
385 293 -1 0
384 293 -1 0
383 293 -1 0
382 293 -1 0
381 293 -1 0
380 293 -1 0
379 293 -1 0
378 293 -1 0
377 293 -1 0
376 293 -1 0
375 293 -1 0
374 293 -1 0
373 293 -1 0
372 293 -1 0
371 293 -1 0
370 293 -1 0
369 293 -1 0
368 293 -1 0
367 293 -1 0
366 293 -1 0
365 293 -1 0
364 293 -1 0
363 293 -1 0
362 293 -1 0
361 293 -1 0
360 293 -1 0
359 293 -1 0
358 293 -1 0
357 293 -1 0
356 293 -1 0
355 293 -1 0
354 293 -1 0
353 293 -1 0
352 293 -1 0
351 293 -1 0
350 293 -1 0
349 293 -1 0
348 293 -1 0
347 293 -1 0
346 293 -1 0
345 293 -1 0
344 293 -1 0
343 293 -1 0
342 293 -1 0
341 293 -1 0
340 293 -1 0
339 293 -1 0
338 293 -1 0
390 292 -1 0
389 292 -1 0
388 292 -1 0
387 292 -1 0
386 292 -1 0
385 292 -1 0
384 292 -1 0
383 292 -1 0
382 292 -1 0
381 292 -1 0
380 292 -1 0
379 292 -1 0
378 292 -1 0
377 292 -1 0
376 292 -1 0
375 292 -1 0
374 292 -1 0
373 292 -1 0
372 292 -1 0
371 292 -1 0
370 292 -1 0
369 292 -1 0
368 292 -1 0
367 292 -1 0
366 292 -1 0
365 292 -1 0
364 292 -1 0
363 292 -1 0
362 292 -1 0
361 292 -1 0
360 292 -1 0
359 292 -1 0
358 292 -1 0
357 292 -1 0
356 292 -1 0
355 292 -1 0
354 292 -1 0
353 292 -1 0
352 292 -1 0
351 292 -1 0
350 292 -1 0
349 292 -1 0
348 292 -1 0
347 292 -1 0
346 292 -1 0
345 292 -1 0
344 292 -1 0
343 292 -1 0
342 292 -1 0
341 292 -1 0
340 292 -1 0
339 292 -1 0
390 291 -1 0
389 291 -1 0
388 291 -1 0
387 291 -1 0
386 291 -1 0
385 291 -1 0
384 291 -1 0
383 291 -1 0
382 291 -1 0
381 291 -1 0
380 291 -1 0
379 291 -1 0
378 291 -1 0
377 291 -1 0
376 291 -1 0
375 291 -1 0
374 291 -1 0
373 291 -1 0
372 291 -1 0
371 291 -1 0
370 291 -1 0
369 291 -1 0
368 291 -1 0
367 291 -1 0
366 291 -1 0
365 291 -1 0
364 291 -1 0
363 291 -1 0
362 291 -1 0
361 291 -1 0
360 291 -1 0
359 291 -1 0
358 291 -1 0
357 291 -1 0
356 291 -1 0
355 291 -1 0
354 291 -1 0
353 291 -1 0
352 291 -1 0
351 291 -1 0
350 291 -1 0
349 291 -1 0
348 291 -1 0
347 291 -1 0
346 291 -1 0
345 291 -1 0
344 291 -1 0
343 291 -1 0
342 291 -1 0
341 291 -1 0
340 291 -1 0
389 290 -1 0
388 290 -1 0
387 290 -1 0
386 290 -1 0
385 290 -1 0
384 290 -1 0
383 290 -1 0
382 290 -1 0
381 290 -1 0
380 290 -1 0
379 290 -1 0
378 290 -1 0
377 290 -1 0
376 290 -1 0
375 290 -1 0
374 290 -1 0
373 290 -1 0
372 290 -1 0
371 290 -1 0
370 290 -1 0
369 290 -1 0
368 290 -1 0
367 290 -1 0
366 290 -1 0
365 290 -1 0
364 290 -1 0
363 290 -1 0
362 290 -1 0
361 290 -1 0
360 290 -1 0
359 290 -1 0
358 290 -1 0
357 290 -1 0
356 290 -1 0
355 290 -1 0
354 290 -1 0
353 290 -1 0
352 290 -1 0
351 290 -1 0
350 290 -1 0
349 290 -1 0
348 290 -1 0
347 290 -1 0
346 290 -1 0
345 290 -1 0
344 290 -1 0
343 290 -1 0
342 290 -1 0
386 289 -1 0
385 289 -1 0
384 289 -1 0
383 289 -1 0
382 289 -1 0
381 289 -1 0
380 289 -1 0
379 289 -1 0
378 289 -1 0
377 289 -1 0
376 289 -1 0
375 289 -1 0
374 289 -1 0
373 289 -1 0
372 289 -1 0
371 289 -1 0
370 289 -1 0
369 289 -1 0
368 289 -1 0
367 289 -1 0
366 289 -1 0
365 289 -1 0
364 289 -1 0
363 289 -1 0
362 289 -1 0
361 289 -1 0
360 289 -1 0
359 289 -1 0
358 289 -1 0
357 289 -1 0
356 289 -1 0
355 289 -1 0
354 289 -1 0
353 289 -1 0
352 289 -1 0
351 289 -1 0
350 289 -1 0
349 289 -1 0
348 289 -1 0
347 289 -1 0
346 289 -1 0
345 289 -1 0
382 288 -1 0
381 288 -1 0
380 288 -1 0
379 288 -1 0
378 288 -1 0
377 288 -1 0
376 288 -1 0
375 288 -1 0
374 288 -1 0
373 288 -1 0
372 288 -1 0
371 288 -1 0
370 288 -1 0
369 288 -1 0
368 288 -1 0
367 288 -1 0
366 288 -1 0
365 288 -1 0
364 288 -1 0
363 288 -1 0
362 288 -1 0
361 288 -1 0
360 288 -1 0
359 288 -1 0
358 288 -1 0
357 288 -1 0
356 288 -1 0
355 288 -1 0
354 288 -1 0
353 288 -1 0
352 288 -1 0
351 288 -1 0
350 288 -1 0
349 288 -1 0
348 288 -1 0
347 288 -1 0
382 287 -1 0
381 287 -1 0
380 287 -1 0
379 287 -1 0
378 287 -1 0
377 287 -1 0
376 287 -1 0
375 287 -1 0
374 287 -1 0
373 287 -1 0
372 287 -1 0
371 287 -1 0
370 287 -1 0
369 287 -1 0
368 287 -1 0
367 287 -1 0
366 287 -1 0
365 287 -1 0
364 287 -1 0
363 287 -1 0
362 287 -1 0
361 287 -1 0
360 287 -1 0
359 287 -1 0
358 287 -1 0
357 287 -1 0
356 287 -1 0
355 287 -1 0
354 287 -1 0
353 287 -1 0
352 287 -1 0
351 287 -1 0
350 287 -1 0
349 287 -1 0
348 287 -1 0
382 286 -1 0
381 286 -1 0
380 286 -1 0
379 286 -1 0
378 286 -1 0
377 286 -1 0
376 286 -1 0
375 286 -1 0
374 286 -1 0
373 286 -1 0
372 286 -1 0
371 286 -1 0
370 286 -1 0
369 286 -1 0
368 286 -1 0
367 286 -1 0
366 286 -1 0
365 286 -1 0
364 286 -1 0
363 286 -1 0
362 286 -1 0
361 286 -1 0
360 286 -1 0
359 286 -1 0
358 286 -1 0
357 286 -1 0
356 286 -1 0
355 286 -1 0
354 286 -1 0
353 286 -1 0
352 286 -1 0
351 286 -1 0
350 286 -1 0
189 286 -1 0
381 285 -1 0
380 285 -1 0
379 285 -1 0
378 285 -1 0
377 285 -1 0
376 285 -1 0
375 285 -1 0
374 285 -1 0
373 285 -1 0
372 285 -1 0
371 285 -1 0
370 285 -1 0
369 285 -1 0
368 285 -1 0
367 285 -1 0
366 285 -1 0
365 285 -1 0
364 285 -1 0
363 285 -1 0
362 285 -1 0
361 285 -1 0
360 285 -1 0
359 285 -1 0
358 285 -1 0
357 285 -1 0
356 285 -1 0
355 285 -1 0
354 285 -1 0
353 285 -1 0
352 285 -1 0
192 285 -1 0
191 285 -1 0
190 285 -1 0
189 285 -1 0
188 285 -1 0
187 285 -1 0
186 285 -1 0
378 284 -1 0
377 284 -1 0
376 284 -1 0
375 284 -1 0
373 284 -1 0
372 284 -1 0
371 284 -1 0
370 284 -1 0
369 284 -1 0
368 284 -1 0
367 284 -1 0
366 284 -1 0
365 284 -1 0
364 284 -1 0
363 284 -1 0
362 284 -1 0
361 284 -1 0
360 284 -1 0
359 284 -1 0
358 284 -1 0
357 284 -1 0
356 284 -1 0
355 284 -1 0
354 284 -1 0
353 284 -1 0
193 284 -1 0
192 284 -1 0
191 284 -1 0
190 284 -1 0
189 284 -1 0
188 284 -1 0
187 284 -1 0
186 284 -1 0
185 284 -1 0
374 283 -1 0
373 283 -1 0
372 283 -1 0
371 283 -1 0
370 283 -1 0
369 283 -1 0
368 283 -1 0
367 283 -1 0
366 283 -1 0
365 283 -1 0
364 283 -1 0
363 283 -1 0
362 283 -1 0
361 283 -1 0
360 283 -1 0
359 283 -1 0
358 283 -1 0
357 283 -1 0
356 283 -1 0
194 283 -1 0
193 283 -1 0
192 283 -1 0
191 283 -1 0
190 283 -1 0
189 283 -1 0
188 283 -1 0
187 283 -1 0
186 283 -1 0
185 283 -1 0
375 282 -1 0
374 282 -1 0
373 282 -1 0
372 282 -1 0
371 282 -1 0
370 282 -1 0
369 282 -1 0
368 282 -1 0
367 282 -1 0
366 282 -1 0
365 282 -1 0
364 282 -1 0
363 282 -1 0
362 282 -1 0
361 282 -1 0
360 282 -1 0
359 282 -1 0
358 282 -1 0
357 282 -1 0
195 282 -1 0
194 282 -1 0
193 282 -1 0
192 282 -1 0
191 282 -1 0
190 282 -1 0
189 282 -1 0
188 282 -1 0
187 282 -1 0
186 282 -1 0
185 282 -1 0
375 281 -1 0
374 281 -1 0
373 281 -1 0
372 281 -1 0
371 281 -1 0
370 281 -1 0
369 281 -1 0
368 281 -1 0
367 281 -1 0
366 281 -1 0
365 281 -1 0
364 281 -1 0
363 281 -1 0
362 281 -1 0
361 281 -1 0
360 281 -1 0
359 281 -1 0
358 281 -1 0
195 281 -1 0
194 281 -1 0
193 281 -1 0
192 281 -1 0
191 281 -1 0
190 281 -1 0
189 281 -1 0
188 281 -1 0
187 281 -1 0
186 281 -1 0
185 281 -1 0
184 281 -1 0
376 280 -1 0
375 280 -1 0
374 280 -1 0
373 280 -1 0
372 280 -1 0
371 280 -1 0
370 280 -1 0
369 280 -1 0
368 280 -1 0
367 280 -1 0
366 280 -1 0
365 280 -1 0
364 280 -1 0
363 280 -1 0
362 280 -1 0
361 280 -1 0
360 280 -1 0
359 280 -1 0
196 280 -1 0
195 280 -1 0
194 280 -1 0
193 280 -1 0
192 280 -1 0
191 280 -1 0
190 280 -1 0
189 280 -1 0
188 280 -1 0
187 280 -1 0
186 280 -1 0
185 280 -1 0
184 280 -1 0
377 279 -1 0
376 279 -1 0
375 279 -1 0
374 279 -1 0
373 279 -1 0
372 279 -1 0
371 279 -1 0
370 279 -1 0
369 279 -1 0
368 279 -1 0
367 279 -1 0
366 279 -1 0
365 279 -1 0
364 279 -1 0
363 279 -1 0
362 279 -1 0
361 279 -1 0
360 279 -1 0
197 279 -1 0
196 279 -1 0
195 279 -1 0
194 279 -1 0
193 279 -1 0
192 279 -1 0
191 279 -1 0
190 279 -1 0
189 279 -1 0
188 279 -1 0
187 279 -1 0
186 279 -1 0
185 279 -1 0
377 278 -1 0
376 278 -1 0
375 278 -1 0
374 278 -1 0
373 278 -1 0
372 278 -1 0
371 278 -1 0
370 278 -1 0
369 278 -1 0
368 278 -1 0
367 278 -1 0
366 278 -1 0
365 278 -1 0
364 278 -1 0
363 278 -1 0
362 278 -1 0
361 278 -1 0
197 278 -1 0
196 278 -1 0
195 278 -1 0
194 278 -1 0
193 278 -1 0
192 278 -1 0
191 278 -1 0
190 278 -1 0
189 278 -1 0
188 278 -1 0
187 278 -1 0
186 278 -1 0
185 278 -1 0
377 277 -1 0
376 277 -1 0
375 277 -1 0
374 277 -1 0
373 277 -1 0
372 277 -1 0
371 277 -1 0
370 277 -1 0
369 277 -1 0
368 277 -1 0
367 277 -1 0
366 277 -1 0
365 277 -1 0
364 277 -1 0
363 277 -1 0
362 277 -1 0
197 277 -1 0
196 277 -1 0
195 277 -1 0
194 277 -1 0
193 277 -1 0
192 277 -1 0
191 277 -1 0
190 277 -1 0
189 277 -1 0
188 277 -1 0
187 277 -1 0
186 277 -1 0
185 277 -1 0
378 276 -1 0
377 276 -1 0
376 276 -1 0
375 276 -1 0
374 276 -1 0
373 276 -1 0
372 276 -1 0
371 276 -1 0
370 276 -1 0
369 276 -1 0
368 276 -1 0
367 276 -1 0
366 276 -1 0
365 276 -1 0
364 276 -1 0
363 276 -1 0
199 276 -1 0
198 276 -1 0
197 276 -1 0
196 276 -1 0
195 276 -1 0
194 276 -1 0
193 276 -1 0
192 276 -1 0
191 276 -1 0
190 276 -1 0
189 276 -1 0
188 276 -1 0
187 276 -1 0
186 276 -1 0
378 275 -1 0
377 275 -1 0
376 275 -1 0
375 275 -1 0
374 275 -1 0
373 275 -1 0
372 275 -1 0
371 275 -1 0
370 275 -1 0
369 275 -1 0
368 275 -1 0
367 275 -1 0
366 275 -1 0
365 275 -1 0
364 275 -1 0
200 275 -1 0
199 275 -1 0
198 275 -1 0
197 275 -1 0
196 275 -1 0
195 275 -1 0
194 275 -1 0
193 275 -1 0
192 275 -1 0
191 275 -1 0
190 275 -1 0
189 275 -1 0
188 275 -1 0
378 274 -1 0
377 274 -1 0
376 274 -1 0
375 274 -1 0
374 274 -1 0
373 274 -1 0
372 274 -1 0
371 274 -1 0
370 274 -1 0
369 274 -1 0
368 274 -1 0
367 274 -1 0
366 274 -1 0
365 274 -1 0
200 274 -1 0
199 274 -1 0
198 274 -1 0
197 274 -1 0
196 274 -1 0
195 274 -1 0
194 274 -1 0
193 274 -1 0
192 274 -1 0
191 274 -1 0
190 274 -1 0
189 274 -1 0
188 274 -1 0
377 273 -1 0
376 273 -1 0
375 273 -1 0
374 273 -1 0
373 273 -1 0
372 273 -1 0
371 273 -1 0
370 273 -1 0
369 273 -1 0
368 273 -1 0
367 273 -1 0
366 273 -1 0
201 273 -1 0
200 273 -1 0
199 273 -1 0
198 273 -1 0
197 273 -1 0
196 273 -1 0
195 273 -1 0
194 273 -1 0
193 273 -1 0
192 273 -1 0
191 273 -1 0
190 273 -1 0
189 273 -1 0
188 273 -1 0
377 272 -1 0
376 272 -1 0
375 272 -1 0
374 272 -1 0
373 272 -1 0
372 272 -1 0
371 272 -1 0
370 272 -1 0
369 272 -1 0
368 272 -1 0
201 272 -1 0
200 272 -1 0
199 272 -1 0
198 272 -1 0
197 272 -1 0
196 272 -1 0
195 272 -1 0
194 272 -1 0
193 272 -1 0
192 272 -1 0
191 272 -1 0
190 272 -1 0
189 272 -1 0
377 271 -1 0
376 271 -1 0
375 271 -1 0
374 271 -1 0
373 271 -1 0
372 271 -1 0
371 271 -1 0
370 271 -1 0
369 271 -1 0
202 271 -1 0
201 271 -1 0
200 271 -1 0
199 271 -1 0
198 271 -1 0
197 271 -1 0
196 271 -1 0
195 271 -1 0
194 271 -1 0
193 271 -1 0
192 271 -1 0
191 271 -1 0
190 271 -1 0
189 271 -1 0
376 270 -1 0
375 270 -1 0
374 270 -1 0
373 270 -1 0
372 270 -1 0
371 270 -1 0
370 270 -1 0
203 270 -1 0
202 270 -1 0
201 270 -1 0
200 270 -1 0
199 270 -1 0
198 270 -1 0
197 270 -1 0
196 270 -1 0
195 270 -1 0
194 270 -1 0
193 270 -1 0
192 270 -1 0
191 270 -1 0
190 270 -1 0
189 270 -1 0
373 269 -1 0
204 269 -1 0
203 269 -1 0
202 269 -1 0
201 269 -1 0
200 269 -1 0
199 269 -1 0
198 269 -1 0
197 269 -1 0
196 269 -1 0
195 269 -1 0
194 269 -1 0
193 269 -1 0
192 269 -1 0
191 269 -1 0
190 269 -1 0
205 268 -1 0
204 268 -1 0
203 268 -1 0
202 268 -1 0
201 268 -1 0
200 268 -1 0
199 268 -1 0
198 268 -1 0
197 268 -1 0
196 268 -1 0
195 268 -1 0
194 268 -1 0
193 268 -1 0
192 268 -1 0
191 268 -1 0
207 267 -1 0
206 267 -1 0
205 267 -1 0
204 267 -1 0
203 267 -1 0
202 267 -1 0
201 267 -1 0
200 267 -1 0
199 267 -1 0
198 267 -1 0
197 267 -1 0
196 267 -1 0
195 267 -1 0
194 267 -1 0
193 267 -1 0
208 266 -1 0
207 266 -1 0
206 266 -1 0
205 266 -1 0
204 266 -1 0
203 266 -1 0
202 266 -1 0
201 266 -1 0
200 266 -1 0
199 266 -1 0
198 266 -1 0
197 266 -1 0
196 266 -1 0
195 266 -1 0
194 266 -1 0
208 265 -1 0
207 265 -1 0
206 265 -1 0
205 265 -1 0
204 265 -1 0
203 265 -1 0
202 265 -1 0
201 265 -1 0
200 265 -1 0
199 265 -1 0
198 265 -1 0
197 265 -1 0
196 265 -1 0
195 265 -1 0
210 264 -1 0
209 264 -1 0
208 264 -1 0
207 264 -1 0
206 264 -1 0
205 264 -1 0
204 264 -1 0
203 264 -1 0
202 264 -1 0
201 264 -1 0
200 264 -1 0
199 264 -1 0
198 264 -1 0
197 264 -1 0
196 264 -1 0
195 264 -1 0
211 263 -1 0
210 263 -1 0
209 263 -1 0
208 263 -1 0
207 263 -1 0
206 263 -1 0
205 263 -1 0
204 263 -1 0
203 263 -1 0
202 263 -1 0
201 263 -1 0
200 263 -1 0
199 263 -1 0
198 263 -1 0
197 263 -1 0
196 263 -1 0
211 262 -1 0
210 262 -1 0
209 262 -1 0
208 262 -1 0
207 262 -1 0
206 262 -1 0
205 262 -1 0
204 262 -1 0
203 262 -1 0
202 262 -1 0
201 262 -1 0
200 262 -1 0
199 262 -1 0
198 262 -1 0
197 262 -1 0
211 261 -1 0
210 261 -1 0
209 261 -1 0
208 261 -1 0
207 261 -1 0
206 261 -1 0
205 261 -1 0
204 261 -1 0
203 261 -1 0
202 261 -1 0
201 261 -1 0
200 261 -1 0
199 261 -1 0
198 261 -1 0
212 260 -1 0
211 260 -1 0
210 260 -1 0
209 260 -1 0
208 260 -1 0
207 260 -1 0
206 260 -1 0
205 260 -1 0
204 260 -1 0
203 260 -1 0
202 260 -1 0
201 260 -1 0
200 260 -1 0
199 260 -1 0
198 260 -1 0
213 259 -1 0
212 259 -1 0
211 259 -1 0
210 259 -1 0
209 259 -1 0
208 259 -1 0
207 259 -1 0
206 259 -1 0
205 259 -1 0
204 259 -1 0
203 259 -1 0
202 259 -1 0
201 259 -1 0
200 259 -1 0
199 259 -1 0
214 258 -1 0
213 258 -1 0
212 258 -1 0
211 258 -1 0
210 258 -1 0
209 258 -1 0
208 258 -1 0
207 258 -1 0
206 258 -1 0
205 258 -1 0
204 258 -1 0
203 258 -1 0
202 258 -1 0
201 258 -1 0
214 257 -1 0
213 257 -1 0
212 257 -1 0
211 257 -1 0
210 257 -1 0
209 257 -1 0
208 257 -1 0
207 257 -1 0
206 257 -1 0
205 257 -1 0
204 257 -1 0
203 257 -1 0
202 257 -1 0
201 257 -1 0
215 256 -1 0
214 256 -1 0
213 256 -1 0
212 256 -1 0
211 256 -1 0
210 256 -1 0
209 256 -1 0
208 256 -1 0
207 256 -1 0
206 256 -1 0
205 256 -1 0
204 256 -1 0
203 256 -1 0
202 256 -1 0
215 255 -1 0
214 255 -1 0
213 255 -1 0
212 255 -1 0
211 255 -1 0
210 255 -1 0
209 255 -1 0
208 255 -1 0
207 255 -1 0
206 255 -1 0
205 255 -1 0
204 255 -1 0
216 254 -1 0
215 254 -1 0
214 254 -1 0
213 254 -1 0
212 254 -1 0
211 254 -1 0
210 254 -1 0
209 254 -1 0
208 254 -1 0
207 254 -1 0
206 254 -1 0
205 254 -1 0
204 254 -1 0
218 253 -1 0
217 253 -1 0
216 253 -1 0
215 253 -1 0
214 253 -1 0
213 253 -1 0
212 253 -1 0
211 253 -1 0
210 253 -1 0
209 253 -1 0
208 253 -1 0
207 253 -1 0
206 253 -1 0
205 253 -1 0
204 253 -1 0
219 252 -1 0
218 252 -1 0
217 252 -1 0
216 252 -1 0
215 252 -1 0
214 252 -1 0
213 252 -1 0
212 252 -1 0
211 252 -1 0
210 252 -1 0
209 252 -1 0
208 252 -1 0
207 252 -1 0
206 252 -1 0
205 252 -1 0
220 251 -1 0
219 251 -1 0
218 251 -1 0
217 251 -1 0
216 251 -1 0
215 251 -1 0
214 251 -1 0
213 251 -1 0
212 251 -1 0
211 251 -1 0
210 251 -1 0
209 251 -1 0
208 251 -1 0
207 251 -1 0
206 251 -1 0
221 250 -1 0
220 250 -1 0
219 250 -1 0
218 250 -1 0
217 250 -1 0
216 250 -1 0
215 250 -1 0
214 250 -1 0
213 250 -1 0
212 250 -1 0
211 250 -1 0
210 250 -1 0
209 250 -1 0
208 250 -1 0
207 250 -1 0
206 250 -1 0
221 249 -1 0
220 249 -1 0
219 249 -1 0
218 249 -1 0
217 249 -1 0
216 249 -1 0
215 249 -1 0
214 249 -1 0
213 249 -1 0
212 249 -1 0
211 249 -1 0
210 249 -1 0
209 249 -1 0
208 249 -1 0
207 249 -1 0
221 248 -1 0
220 248 -1 0
219 248 -1 0
218 248 -1 0
217 248 -1 0
216 248 -1 0
215 248 -1 0
214 248 -1 0
213 248 -1 0
212 248 -1 0
211 248 -1 0
210 248 -1 0
209 248 -1 0
208 248 -1 0
207 248 -1 0
222 247 -1 0
221 247 -1 0
220 247 -1 0
219 247 -1 0
218 247 -1 0
217 247 -1 0
216 247 -1 0
215 247 -1 0
214 247 -1 0
213 247 -1 0
212 247 -1 0
211 247 -1 0
210 247 -1 0
209 247 -1 0
208 247 -1 0
221 246 -1 0
220 246 -1 0
219 246 -1 0
218 246 -1 0
217 246 -1 0
216 246 -1 0
215 246 -1 0
214 246 -1 0
213 246 -1 0
212 246 -1 0
211 246 -1 0
210 246 -1 0
209 246 -1 0
221 245 -1 0
220 245 -1 0
219 245 -1 0
218 245 -1 0
217 245 -1 0
216 245 -1 0
215 245 -1 0
214 245 -1 0
213 245 -1 0
212 245 -1 0
211 245 -1 0
221 244 -1 0
220 244 -1 0
219 244 -1 0
218 244 -1 0
217 244 -1 0
216 244 -1 0
215 244 -1 0
214 244 -1 0
213 244 -1 0
212 244 -1 0
220 243 -1 0
219 243 -1 0
218 243 -1 0
217 243 -1 0
216 243 -1 0
215 243 -1 0
214 243 -1 0
213 243 -1 0
217 242 -1 0
216 242 -1 0
188 197 -1 1
191 196 -1 1
190 196 -1 1
189 196 -1 1
188 196 -1 1
187 196 -1 1
186 196 -1 1
185 196 -1 1
192 195 -1 1
191 195 -1 1
190 195 -1 1
189 195 -1 1
188 195 -1 1
187 195 -1 1
186 195 -1 1
185 195 -1 1
184 195 -1 1
192 194 -1 1
191 194 -1 1
190 194 -1 1
189 194 -1 1
188 194 -1 1
187 194 -1 1
186 194 -1 1
185 194 -1 1
184 194 -1 1
192 193 -1 1
191 193 -1 1
190 193 -1 1
189 193 -1 1
188 193 -1 1
187 193 -1 1
186 193 -1 1
185 193 -1 1
184 193 -1 1
193 192 -1 1
192 192 -1 1
191 192 -1 1
190 192 -1 1
189 192 -1 1
188 192 -1 1
187 192 -1 1
186 192 -1 1
185 192 -1 1
184 192 -1 1
183 192 -1 1
193 191 -1 1
192 191 -1 1
191 191 -1 1
190 191 -1 1
189 191 -1 1
188 191 -1 1
187 191 -1 1
186 191 -1 1
185 191 -1 1
184 191 -1 1
183 191 -1 1
232 190 -1 1
192 190 -1 1
191 190 -1 1
190 190 -1 1
189 190 -1 1
188 190 -1 1
187 190 -1 1
186 190 -1 1
185 190 -1 1
184 190 -1 1
235 189 -1 1
234 189 -1 1
233 189 -1 1
232 189 -1 1
231 189 -1 1
230 189 -1 1
229 189 -1 1
192 189 -1 1
191 189 -1 1
190 189 -1 1
189 189 -1 1
188 189 -1 1
187 189 -1 1
186 189 -1 1
185 189 -1 1
184 189 -1 1
236 188 -1 1
235 188 -1 1
234 188 -1 1
233 188 -1 1
232 188 -1 1
231 188 -1 1
230 188 -1 1
229 188 -1 1
228 188 -1 1
192 188 -1 1
191 188 -1 1
190 188 -1 1
189 188 -1 1
188 188 -1 1
187 188 -1 1
186 188 -1 1
185 188 -1 1
184 188 -1 1
236 187 -1 1
235 187 -1 1
234 187 -1 1
233 187 -1 1
232 187 -1 1
231 187 -1 1
230 187 -1 1
229 187 -1 1
228 187 -1 1
191 187 -1 1
190 187 -1 1
189 187 -1 1
188 187 -1 1
187 187 -1 1
186 187 -1 1
185 187 -1 1
236 186 -1 1
235 186 -1 1
234 186 -1 1
233 186 -1 1
232 186 -1 1
231 186 -1 1
230 186 -1 1
229 186 -1 1
228 186 -1 1
188 186 -1 1
237 185 -1 1
236 185 -1 1
235 185 -1 1
234 185 -1 1
233 185 -1 1
232 185 -1 1
231 185 -1 1
230 185 -1 1
229 185 -1 1
228 185 -1 1
227 185 -1 1
236 184 -1 1
235 184 -1 1
234 184 -1 1
233 184 -1 1
232 184 -1 1
231 184 -1 1
230 184 -1 1
229 184 -1 1
228 184 -1 1
236 183 -1 1
235 183 -1 1
234 183 -1 1
233 183 -1 1
232 183 -1 1
231 183 -1 1
230 183 -1 1
229 183 -1 1
228 183 -1 1
236 182 -1 1
235 182 -1 1
234 182 -1 1
233 182 -1 1
232 182 -1 1
231 182 -1 1
230 182 -1 1
229 182 -1 1
228 182 -1 1
235 181 -1 1
234 181 -1 1
233 181 -1 1
232 181 -1 1
231 181 -1 1
230 181 -1 1
229 181 -1 1
232 180 -1 1
164 178 -1 1
167 177 -1 1
166 177 -1 1
165 177 -1 1
164 177 -1 1
163 177 -1 1
162 177 -1 1
161 177 -1 1
168 176 -1 1
167 176 -1 1
166 176 -1 1
165 176 -1 1
164 176 -1 1
163 176 -1 1
162 176 -1 1
161 176 -1 1
160 176 -1 1
168 175 -1 1
167 175 -1 1
166 175 -1 1
165 175 -1 1
164 175 -1 1
163 175 -1 1
162 175 -1 1
161 175 -1 1
160 175 -1 1
199 174 -1 1
168 174 -1 1
167 174 -1 1
166 174 -1 1
165 174 -1 1
164 174 -1 1
163 174 -1 1
162 174 -1 1
161 174 -1 1
160 174 -1 1
202 173 -1 1
201 173 -1 1
200 173 -1 1
199 173 -1 1
198 173 -1 1
197 173 -1 1
196 173 -1 1
169 173 -1 1
168 173 -1 1
167 173 -1 1
166 173 -1 1
165 173 -1 1
164 173 -1 1
163 173 -1 1
162 173 -1 1
161 173 -1 1
160 173 -1 1
159 173 -1 1
203 172 -1 1
202 172 -1 1
201 172 -1 1
200 172 -1 1
199 172 -1 1
198 172 -1 1
197 172 -1 1
196 172 -1 1
195 172 -1 1
168 172 -1 1
167 172 -1 1
166 172 -1 1
165 172 -1 1
164 172 -1 1
163 172 -1 1
162 172 -1 1
161 172 -1 1
160 172 -1 1
203 171 -1 1
202 171 -1 1
201 171 -1 1
200 171 -1 1
199 171 -1 1
198 171 -1 1
197 171 -1 1
196 171 -1 1
195 171 -1 1
168 171 -1 1
167 171 -1 1
166 171 -1 1
165 171 -1 1
164 171 -1 1
163 171 -1 1
162 171 -1 1
161 171 -1 1
160 171 -1 1
203 170 -1 1
202 170 -1 1
201 170 -1 1
200 170 -1 1
199 170 -1 1
198 170 -1 1
197 170 -1 1
196 170 -1 1
195 170 -1 1
168 170 -1 1
167 170 -1 1
166 170 -1 1
165 170 -1 1
164 170 -1 1
163 170 -1 1
162 170 -1 1
161 170 -1 1
160 170 -1 1
204 169 -1 1
203 169 -1 1
202 169 -1 1
201 169 -1 1
200 169 -1 1
199 169 -1 1
198 169 -1 1
197 169 -1 1
196 169 -1 1
195 169 -1 1
194 169 -1 1
167 169 -1 1
166 169 -1 1
165 169 -1 1
164 169 -1 1
163 169 -1 1
162 169 -1 1
161 169 -1 1
203 168 -1 1
202 168 -1 1
201 168 -1 1
200 168 -1 1
199 168 -1 1
198 168 -1 1
197 168 -1 1
196 168 -1 1
195 168 -1 1
164 168 -1 1
203 167 -1 1
202 167 -1 1
201 167 -1 1
200 167 -1 1
199 167 -1 1
198 167 -1 1
197 167 -1 1
196 167 -1 1
195 167 -1 1
203 166 -1 1
202 166 -1 1
201 166 -1 1
200 166 -1 1
199 166 -1 1
198 166 -1 1
197 166 -1 1
196 166 -1 1
195 166 -1 1
202 165 -1 1
201 165 -1 1
200 165 -1 1
199 165 -1 1
198 165 -1 1
197 165 -1 1
196 165 -1 1
199 164 -1 1
235 69 -1 0
234 69 -1 0
233 69 -1 0
232 69 -1 0
231 69 -1 0
230 69 -1 0
229 69 -1 0
228 69 -1 0
227 69 -1 0
226 69 -1 0
225 69 -1 0
224 69 -1 0
223 69 -1 0
222 69 -1 0
221 69 -1 0
220 69 -1 0
219 69 -1 0
218 69 -1 0
242 68 -1 0
241 68 -1 0
240 68 -1 0
239 68 -1 0
238 68 -1 0
237 68 -1 0
236 68 -1 0
235 68 -1 0
234 68 -1 0
233 68 -1 0
232 68 -1 0
231 68 -1 0
230 68 -1 0
229 68 -1 0
228 68 -1 0
227 68 -1 0
226 68 -1 0
225 68 -1 0
224 68 -1 0
223 68 -1 0
222 68 -1 0
221 68 -1 0
220 68 -1 0
219 68 -1 0
218 68 -1 0
217 68 -1 0
216 68 -1 0
215 68 -1 0
245 67 -1 0
244 67 -1 0
243 67 -1 0
242 67 -1 0
241 67 -1 0
240 67 -1 0
239 67 -1 0
238 67 -1 0
237 67 -1 0
236 67 -1 0
235 67 -1 0
234 67 -1 0
233 67 -1 0
232 67 -1 0
231 67 -1 0
230 67 -1 0
229 67 -1 0
228 67 -1 0
227 67 -1 0
226 67 -1 0
225 67 -1 0
224 67 -1 0
223 67 -1 0
222 67 -1 0
221 67 -1 0
220 67 -1 0
219 67 -1 0
218 67 -1 0
217 67 -1 0
216 67 -1 0
215 67 -1 0
214 67 -1 0
248 66 -1 0
247 66 -1 0
246 66 -1 0
245 66 -1 0
244 66 -1 0
243 66 -1 0
242 66 -1 0
241 66 -1 0
240 66 -1 0
239 66 -1 0
238 66 -1 0
237 66 -1 0
236 66 -1 0
235 66 -1 0
234 66 -1 0
233 66 -1 0
232 66 -1 0
231 66 -1 0
230 66 -1 0
229 66 -1 0
228 66 -1 0
227 66 -1 0
226 66 -1 0
225 66 -1 0
224 66 -1 0
223 66 -1 0
222 66 -1 0
221 66 -1 0
220 66 -1 0
219 66 -1 0
218 66 -1 0
217 66 -1 0
216 66 -1 0
215 66 -1 0
214 66 -1 0
249 65 -1 0
248 65 -1 0
247 65 -1 0
246 65 -1 0
245 65 -1 0
244 65 -1 0
243 65 -1 0
242 65 -1 0
241 65 -1 0
240 65 -1 0
239 65 -1 0
238 65 -1 0
237 65 -1 0
236 65 -1 0
235 65 -1 0
234 65 -1 0
233 65 -1 0
232 65 -1 0
231 65 -1 0
230 65 -1 0
229 65 -1 0
228 65 -1 0
227 65 -1 0
226 65 -1 0
225 65 -1 0
224 65 -1 0
223 65 -1 0
222 65 -1 0
221 65 -1 0
220 65 -1 0
219 65 -1 0
218 65 -1 0
217 65 -1 0
216 65 -1 0
215 65 -1 0
214 65 -1 0
249 64 -1 0
248 64 -1 0
247 64 -1 0
246 64 -1 0
245 64 -1 0
244 64 -1 0
243 64 -1 0
242 64 -1 0
241 64 -1 0
240 64 -1 0
239 64 -1 0
238 64 -1 0
237 64 -1 0
236 64 -1 0
235 64 -1 0
234 64 -1 0
233 64 -1 0
232 64 -1 0
231 64 -1 0
230 64 -1 0
229 64 -1 0
228 64 -1 0
227 64 -1 0
226 64 -1 0
225 64 -1 0
224 64 -1 0
223 64 -1 0
222 64 -1 0
221 64 -1 0
220 64 -1 0
219 64 -1 0
218 64 -1 0
217 64 -1 0
216 64 -1 0
215 64 -1 0
214 64 -1 0
213 64 -1 0
249 63 -1 0
248 63 -1 0
247 63 -1 0
246 63 -1 0
245 63 -1 0
244 63 -1 0
243 63 -1 0
242 63 -1 0
241 63 -1 0
240 63 -1 0
239 63 -1 0
238 63 -1 0
237 63 -1 0
236 63 -1 0
235 63 -1 0
234 63 -1 0
233 63 -1 0
232 63 -1 0
231 63 -1 0
230 63 -1 0
229 63 -1 0
228 63 -1 0
227 63 -1 0
226 63 -1 0
225 63 -1 0
224 63 -1 0
223 63 -1 0
222 63 -1 0
221 63 -1 0
220 63 -1 0
219 63 -1 0
218 63 -1 0
217 63 -1 0
216 63 -1 0
215 63 -1 0
214 63 -1 0
250 62 -1 0
249 62 -1 0
248 62 -1 0
247 62 -1 0
246 62 -1 0
245 62 -1 0
244 62 -1 0
243 62 -1 0
242 62 -1 0
241 62 -1 0
240 62 -1 0
239 62 -1 0
238 62 -1 0
237 62 -1 0
236 62 -1 0
235 62 -1 0
234 62 -1 0
233 62 -1 0
232 62 -1 0
231 62 -1 0
230 62 -1 0
229 62 -1 0
228 62 -1 0
227 62 -1 0
226 62 -1 0
225 62 -1 0
224 62 -1 0
223 62 -1 0
222 62 -1 0
221 62 -1 0
220 62 -1 0
219 62 -1 0
218 62 -1 0
217 62 -1 0
216 62 -1 0
215 62 -1 0
214 62 -1 0
249 61 -1 0
248 61 -1 0
247 61 -1 0
246 61 -1 0
245 61 -1 0
244 61 -1 0
243 61 -1 0
242 61 -1 0
241 61 -1 0
240 61 -1 0
239 61 -1 0
238 61 -1 0
237 61 -1 0
236 61 -1 0
235 61 -1 0
234 61 -1 0
233 61 -1 0
232 61 -1 0
231 61 -1 0
230 61 -1 0
229 61 -1 0
228 61 -1 0
227 61 -1 0
226 61 -1 0
225 61 -1 0
224 61 -1 0
223 61 -1 0
222 61 -1 0
221 61 -1 0
220 61 -1 0
219 61 -1 0
218 61 -1 0
217 61 -1 0
216 61 -1 0
215 61 -1 0
214 61 -1 0
249 60 -1 0
248 60 -1 0
247 60 -1 0
246 60 -1 0
245 60 -1 0
244 60 -1 0
243 60 -1 0
242 60 -1 0
241 60 -1 0
240 60 -1 0
239 60 -1 0
238 60 -1 0
237 60 -1 0
236 60 -1 0
235 60 -1 0
234 60 -1 0
233 60 -1 0
232 60 -1 0
231 60 -1 0
230 60 -1 0
229 60 -1 0
228 60 -1 0
227 60 -1 0
226 60 -1 0
225 60 -1 0
224 60 -1 0
223 60 -1 0
222 60 -1 0
221 60 -1 0
220 60 -1 0
219 60 -1 0
218 60 -1 0
217 60 -1 0
216 60 -1 0
215 60 -1 0
249 59 -1 0
248 59 -1 0
247 59 -1 0
246 59 -1 0
245 59 -1 0
244 59 -1 0
243 59 -1 0
242 59 -1 0
241 59 -1 0
240 59 -1 0
239 59 -1 0
238 59 -1 0
237 59 -1 0
236 59 -1 0
235 59 -1 0
234 59 -1 0
233 59 -1 0
232 59 -1 0
231 59 -1 0
230 59 -1 0
229 59 -1 0
228 59 -1 0
227 59 -1 0
226 59 -1 0
225 59 -1 0
224 59 -1 0
223 59 -1 0
222 59 -1 0
221 59 -1 0
220 59 -1 0
219 59 -1 0
218 59 -1 0
248 58 -1 0
247 58 -1 0
246 58 -1 0
245 58 -1 0
244 58 -1 0
243 58 -1 0
242 58 -1 0
241 58 -1 0
240 58 -1 0
239 58 -1 0
238 58 -1 0
237 58 -1 0
236 58 -1 0
245 57 -1 0
244 57 -1 0
243 57 -1 0
242 57 -1 0
