7700 400 400
33 377 -1 0
36 376 -1 0
35 376 -1 0
34 376 -1 0
33 376 -1 0
32 376 -1 0
31 376 -1 0
30 376 -1 0
37 375 -1 0
36 375 -1 0
35 375 -1 0
34 375 -1 0
33 375 -1 0
32 375 -1 0
31 375 -1 0
30 375 -1 0
29 375 -1 0
37 374 -1 0
36 374 -1 0
35 374 -1 0
34 374 -1 0
33 374 -1 0
32 374 -1 0
31 374 -1 0
30 374 -1 0
29 374 -1 0
38 373 -1 0
37 373 -1 0
36 373 -1 0
35 373 -1 0
34 373 -1 0
33 373 -1 0
32 373 -1 0
31 373 -1 0
30 373 -1 0
29 373 -1 0
38 372 -1 0
37 372 -1 0
36 372 -1 0
35 372 -1 0
34 372 -1 0
33 372 -1 0
32 372 -1 0
31 372 -1 0
30 372 -1 0
29 372 -1 0
28 372 -1 0
39 371 -1 0
38 371 -1 0
37 371 -1 0
36 371 -1 0
35 371 -1 0
34 371 -1 0
33 371 -1 0
32 371 -1 0
31 371 -1 0
30 371 -1 0
29 371 -1 0
28 371 -1 0
40 370 -1 0
39 370 -1 0
38 370 -1 0
37 370 -1 0
36 370 -1 0
35 370 -1 0
34 370 -1 0
33 370 -1 0
32 370 -1 0
31 370 -1 0
30 370 -1 0
29 370 -1 0
28 370 -1 0
40 369 -1 0
39 369 -1 0
38 369 -1 0
37 369 -1 0
36 369 -1 0
35 369 -1 0
34 369 -1 0
33 369 -1 0
32 369 -1 0
31 369 -1 0
30 369 -1 0
29 369 -1 0
40 368 -1 0
39 368 -1 0
38 368 -1 0
37 368 -1 0
36 368 -1 0
35 368 -1 0
34 368 -1 0
33 368 -1 0
32 368 -1 0
31 368 -1 0
30 368 -1 0
29 368 -1 0
41 367 -1 0
40 367 -1 0
39 367 -1 0
38 367 -1 0
37 367 -1 0
36 367 -1 0
35 367 -1 0
34 367 -1 0
33 367 -1 0
32 367 -1 0
31 367 -1 0
30 367 -1 0
29 367 -1 0
42 366 -1 0
41 366 -1 0
40 366 -1 0
39 366 -1 0
38 366 -1 0
37 366 -1 0
36 366 -1 0
35 366 -1 0
34 366 -1 0
33 366 -1 0
32 366 -1 0
31 366 -1 0
30 366 -1 0
42 365 -1 0
41 365 -1 0
40 365 -1 0
39 365 -1 0
38 365 -1 0
37 365 -1 0
36 365 -1 0
35 365 -1 0
34 365 -1 0
33 365 -1 0
32 365 -1 0
31 365 -1 0
30 365 -1 0
42 364 -1 0
41 364 -1 0
40 364 -1 0
39 364 -1 0
38 364 -1 0
37 364 -1 0
36 364 -1 0
35 364 -1 0
34 364 -1 0
33 364 -1 0
32 364 -1 0
31 364 -1 0
30 364 -1 0
44 363 -1 0
43 363 -1 0
42 363 -1 0
41 363 -1 0
40 363 -1 0
39 363 -1 0
38 363 -1 0
37 363 -1 0
36 363 -1 0
35 363 -1 0
34 363 -1 0
33 363 -1 0
32 363 -1 0
31 363 -1 0
45 362 -1 0
44 362 -1 0
43 362 -1 0
42 362 -1 0
41 362 -1 0
40 362 -1 0
39 362 -1 0
38 362 -1 0
37 362 -1 0
36 362 -1 0
35 362 -1 0
34 362 -1 0
33 362 -1 0
45 361 -1 0
44 361 -1 0
43 361 -1 0
42 361 -1 0
41 361 -1 0
40 361 -1 0
39 361 -1 0
38 361 -1 0
37 361 -1 0
36 361 -1 0
35 361 -1 0
34 361 -1 0
33 361 -1 0
45 360 -1 0
44 360 -1 0
43 360 -1 0
42 360 -1 0
41 360 -1 0
40 360 -1 0
39 360 -1 0
38 360 -1 0
37 360 -1 0
36 360 -1 0
35 360 -1 0
34 360 -1 0
46 359 -1 0
45 359 -1 0
44 359 -1 0
43 359 -1 0
42 359 -1 0
41 359 -1 0
40 359 -1 0
39 359 -1 0
38 359 -1 0
37 359 -1 0
36 359 -1 0
35 359 -1 0
34 359 -1 0
47 358 -1 0
46 358 -1 0
45 358 -1 0
44 358 -1 0
43 358 -1 0
42 358 -1 0
41 358 -1 0
40 358 -1 0
39 358 -1 0
38 358 -1 0
37 358 -1 0
36 358 -1 0
35 358 -1 0
47 357 -1 0
46 357 -1 0
45 357 -1 0
44 357 -1 0
43 357 -1 0
42 357 -1 0
41 357 -1 0
40 357 -1 0
39 357 -1 0
38 357 -1 0
37 357 -1 0
36 357 -1 0
35 357 -1 0
48 356 -1 0
47 356 -1 0
46 356 -1 0
45 356 -1 0
44 356 -1 0
43 356 -1 0
42 356 -1 0
41 356 -1 0
40 356 -1 0
39 356 -1 0
38 356 -1 0
37 356 -1 0
36 356 -1 0
35 356 -1 0
49 355 -1 0
48 355 -1 0
47 355 -1 0
46 355 -1 0
45 355 -1 0
44 355 -1 0
43 355 -1 0
42 355 -1 0
41 355 -1 0
40 355 -1 0
39 355 -1 0
38 355 -1 0
37 355 -1 0
36 355 -1 0
49 354 -1 0
48 354 -1 0
47 354 -1 0
46 354 -1 0
45 354 -1 0
44 354 -1 0
43 354 -1 0
42 354 -1 0
41 354 -1 0
40 354 -1 0
39 354 -1 0
38 354 -1 0
37 354 -1 0
50 353 -1 0
49 353 -1 0
48 353 -1 0
47 353 -1 0
46 353 -1 0
45 353 -1 0
44 353 -1 0
43 353 -1 0
42 353 -1 0
41 353 -1 0
40 353 -1 0
39 353 -1 0
38 353 -1 0
50 352 -1 0
49 352 -1 0
48 352 -1 0
47 352 -1 0
46 352 -1 0
45 352 -1 0
44 352 -1 0
43 352 -1 0
42 352 -1 0
41 352 -1 0
40 352 -1 0
39 352 -1 0
38 352 -1 0
51 351 -1 0
50 351 -1 0
49 351 -1 0
48 351 -1 0
47 351 -1 0
46 351 -1 0
45 351 -1 0
44 351 -1 0
43 351 -1 0
42 351 -1 0
41 351 -1 0
40 351 -1 0
39 351 -1 0
51 350 -1 0
50 350 -1 0
49 350 -1 0
48 350 -1 0
47 350 -1 0
46 350 -1 0
45 350 -1 0
44 350 -1 0
43 350 -1 0
42 350 -1 0
41 350 -1 0
40 350 -1 0
39 350 -1 0
52 349 -1 0
51 349 -1 0
50 349 -1 0
49 349 -1 0
48 349 -1 0
47 349 -1 0
46 349 -1 0
45 349 -1 0
44 349 -1 0
43 349 -1 0
42 349 -1 0
41 349 -1 0
40 349 -1 0
52 348 -1 0
51 348 -1 0
50 348 -1 0
49 348 -1 0
48 348 -1 0
47 348 -1 0
46 348 -1 0
45 348 -1 0
44 348 -1 0
43 348 -1 0
42 348 -1 0
41 348 -1 0
52 347 -1 0
51 347 -1 0
50 347 -1 0
49 347 -1 0
48 347 -1 0
47 347 -1 0
46 347 -1 0
45 347 -1 0
44 347 -1 0
43 347 -1 0
42 347 -1 0
53 346 -1 0
52 346 -1 0
51 346 -1 0
50 346 -1 0
49 346 -1 0
48 346 -1 0
47 346 -1 0
46 346 -1 0
45 346 -1 0
44 346 -1 0
43 346 -1 0
42 346 -1 0
53 345 -1 0
52 345 -1 0
51 345 -1 0
50 345 -1 0
49 345 -1 0
48 345 -1 0
47 345 -1 0
46 345 -1 0
45 345 -1 0
44 345 -1 0
43 345 -1 0
42 345 -1 0
52 344 -1 0
51 344 -1 0
50 344 -1 0
49 344 -1 0
48 344 -1 0
47 344 -1 0
46 344 -1 0
45 344 -1 0
44 344 -1 0
43 344 -1 0
52 343 -1 0
51 343 -1 0
50 343 -1 0
49 343 -1 0
48 343 -1 0
47 343 -1 0
46 343 -1 0
45 343 -1 0
44 343 -1 0
43 343 -1 0
52 342 -1 0
51 342 -1 0
50 342 -1 0
49 342 -1 0
48 342 -1 0
47 342 -1 0
46 342 -1 0
45 342 -1 0
44 342 -1 0
51 341 -1 0
50 341 -1 0
49 341 -1 0
48 341 -1 0
47 341 -1 0
46 341 -1 0
45 341 -1 0
316 340 -1 1
48 340 -1 0
319 339 -1 1
318 339 -1 1
317 339 -1 1
316 339 -1 1
315 339 -1 1
314 339 -1 1
313 339 -1 1
320 338 -1 1
319 338 -1 1
318 338 -1 1
317 338 -1 1
316 338 -1 1
315 338 -1 1
314 338 -1 1
313 338 -1 1
312 338 -1 1
320 337 -1 1
319 337 -1 1
318 337 -1 1
317 337 -1 1
316 337 -1 1
315 337 -1 1
314 337 -1 1
313 337 -1 1
312 337 -1 1
320 336 -1 1
319 336 -1 1
318 336 -1 1
317 336 -1 1
316 336 -1 1
315 336 -1 1
314 336 -1 1
313 336 -1 1
312 336 -1 1
321 335 -1 1
320 335 -1 1
319 335 -1 1
318 335 -1 1
317 335 -1 1
316 335 -1 1
315 335 -1 1
314 335 -1 1
313 335 -1 1
312 335 -1 1
311 335 -1 1
320 334 -1 1
319 334 -1 1
318 334 -1 1
317 334 -1 1
316 334 -1 1
315 334 -1 1
314 334 -1 1
313 334 -1 1
312 334 -1 1
320 333 -1 1
319 333 -1 1
318 333 -1 1
317 333 -1 1
316 333 -1 1
315 333 -1 1
314 333 -1 1
313 333 -1 1
312 333 -1 1
320 332 -1 1
319 332 -1 1
318 332 -1 1
317 332 -1 1
316 332 -1 1
315 332 -1 1
314 332 -1 1
313 332 -1 1
312 332 -1 1
319 331 -1 1
318 331 -1 1
317 331 -1 1
316 331 -1 1
315 331 -1 1
314 331 -1 1
313 331 -1 1
316 330 -1 1
294 306 -1 1
297 305 -1 1
296 305 -1 1
295 305 -1 1
294 305 -1 1
293 305 -1 1
292 305 -1 1
291 305 -1 1
298 304 -1 1
297 304 -1 1
296 304 -1 1
295 304 -1 1
294 304 -1 1
293 304 -1 1
292 304 -1 1
291 304 -1 1
290 304 -1 1
298 303 -1 1
297 303 -1 1
296 303 -1 1
295 303 -1 1
294 303 -1 1
293 303 -1 1
292 303 -1 1
291 303 -1 1
290 303 -1 1
298 302 -1 1
297 302 -1 1
296 302 -1 1
295 302 -1 1
294 302 -1 1
293 302 -1 1
292 302 -1 1
291 302 -1 1
290 302 -1 1
299 301 -1 1
298 301 -1 1
297 301 -1 1
296 301 -1 1
295 301 -1 1
294 301 -1 1
293 301 -1 1
292 301 -1 1
291 301 -1 1
290 301 -1 1
289 301 -1 1
324 300 -1 1
298 300 -1 1
297 300 -1 1
296 300 -1 1
295 300 -1 1
294 300 -1 1
293 300 -1 1
292 300 -1 1
291 300 -1 1
290 300 -1 1
327 299 -1 1
326 299 -1 1
325 299 -1 1
324 299 -1 1
323 299 -1 1
322 299 -1 1
321 299 -1 1
298 299 -1 1
297 299 -1 1
296 299 -1 1
295 299 -1 1
294 299 -1 1
293 299 -1 1
292 299 -1 1
291 299 -1 1
290 299 -1 1
328 298 -1 1
327 298 -1 1
326 298 -1 1
325 298 -1 1
324 298 -1 1
323 298 -1 1
322 298 -1 1
321 298 -1 1
320 298 -1 1
298 298 -1 1
297 298 -1 1
296 298 -1 1
295 298 -1 1
294 298 -1 1
293 298 -1 1
292 298 -1 1
291 298 -1 1
290 298 -1 1
328 297 -1 1
327 297 -1 1
326 297 -1 1
325 297 -1 1
324 297 -1 1
323 297 -1 1
322 297 -1 1
321 297 -1 1
320 297 -1 1
297 297 -1 1
296 297 -1 1
295 297 -1 1
294 297 -1 1
293 297 -1 1
292 297 -1 1
291 297 -1 1
328 296 -1 1
327 296 -1 1
326 296 -1 1
325 296 -1 1
324 296 -1 1
323 296 -1 1
322 296 -1 1
321 296 -1 1
320 296 -1 1
294 296 -1 1
329 295 -1 1
328 295 -1 1
327 295 -1 1
326 295 -1 1
325 295 -1 1
324 295 -1 1
323 295 -1 1
322 295 -1 1
321 295 -1 1
320 295 -1 1
319 295 -1 1
328 294 -1 1
327 294 -1 1
326 294 -1 1
325 294 -1 1
324 294 -1 1
323 294 -1 1
322 294 -1 1
321 294 -1 1
320 294 -1 1
328 293 -1 1
327 293 -1 1
326 293 -1 1
325 293 -1 1
324 293 -1 1
323 293 -1 1
322 293 -1 1
321 293 -1 1
320 293 -1 1
328 292 -1 1
327 292 -1 1
326 292 -1 1
325 292 -1 1
324 292 -1 1
323 292 -1 1
322 292 -1 1
321 292 -1 1
320 292 -1 1
327 291 -1 1
326 291 -1 1
325 291 -1 1
324 291 -1 1
323 291 -1 1
322 291 -1 1
321 291 -1 1
324 290 -1 1
379 289 -1 0
382 288 -1 0
381 288 -1 0
380 288 -1 0
379 288 -1 0
378 288 -1 0
377 288 -1 0
376 288 -1 0
383 287 -1 0
382 287 -1 0
381 287 -1 0
380 287 -1 0
379 287 -1 0
378 287 -1 0
377 287 -1 0
376 287 -1 0
375 287 -1 0
383 286 -1 0
382 286 -1 0
381 286 -1 0
380 286 -1 0
379 286 -1 0
378 286 -1 0
377 286 -1 0
376 286 -1 0
375 286 -1 0
383 285 -1 0
382 285 -1 0
381 285 -1 0
380 285 -1 0
379 285 -1 0
378 285 -1 0
377 285 -1 0
376 285 -1 0
375 285 -1 0
384 284 -1 0
383 284 -1 0
382 284 -1 0
381 284 -1 0
380 284 -1 0
379 284 -1 0
378 284 -1 0
377 284 -1 0
376 284 -1 0
375 284 -1 0
374 284 -1 0
384 283 -1 0
383 283 -1 0
382 283 -1 0
381 283 -1 0
380 283 -1 0
379 283 -1 0
378 283 -1 0
377 283 -1 0
376 283 -1 0
375 283 -1 0
374 283 -1 0
384 282 -1 0
383 282 -1 0
382 282 -1 0
381 282 -1 0
380 282 -1 0
379 282 -1 0
378 282 -1 0
377 282 -1 0
376 282 -1 0
375 282 -1 0
374 282 -1 0
385 281 -1 0
384 281 -1 0
383 281 -1 0
382 281 -1 0
381 281 -1 0
380 281 -1 0
379 281 -1 0
378 281 -1 0
377 281 -1 0
376 281 -1 0
375 281 -1 0
374 281 -1 0
385 280 -1 0
384 280 -1 0
383 280 -1 0
382 280 -1 0
381 280 -1 0
380 280 -1 0
379 280 -1 0
378 280 -1 0
377 280 -1 0
376 280 -1 0
375 280 -1 0
385 279 -1 0
384 279 -1 0
383 279 -1 0
382 279 -1 0
381 279 -1 0
380 279 -1 0
379 279 -1 0
378 279 -1 0
377 279 -1 0
376 279 -1 0
375 279 -1 0
385 278 -1 0
384 278 -1 0
383 278 -1 0
382 278 -1 0
381 278 -1 0
380 278 -1 0
379 278 -1 0
378 278 -1 0
377 278 -1 0
376 278 -1 0
375 278 -1 0
385 277 -1 0
384 277 -1 0
383 277 -1 0
382 277 -1 0
381 277 -1 0
380 277 -1 0
379 277 -1 0
378 277 -1 0
377 277 -1 0
376 277 -1 0
375 277 -1 0
385 276 -1 0
384 276 -1 0
383 276 -1 0
382 276 -1 0
381 276 -1 0
380 276 -1 0
379 276 -1 0
378 276 -1 0
377 276 -1 0
376 276 -1 0
375 276 -1 0
385 275 -1 0
384 275 -1 0
383 275 -1 0
382 275 -1 0
381 275 -1 0
380 275 -1 0
379 275 -1 0
378 275 -1 0
377 275 -1 0
376 275 -1 0
375 275 -1 0
386 274 -1 0
385 274 -1 0
384 274 -1 0
383 274 -1 0
382 274 -1 0
381 274 -1 0
380 274 -1 0
379 274 -1 0
378 274 -1 0
377 274 -1 0
376 274 -1 0
375 274 -1 0
386 273 -1 0
385 273 -1 0
384 273 -1 0
383 273 -1 0
382 273 -1 0
381 273 -1 0
380 273 -1 0
379 273 -1 0
378 273 -1 0
377 273 -1 0
376 273 -1 0
386 272 -1 0
385 272 -1 0
384 272 -1 0
383 272 -1 0
382 272 -1 0
381 272 -1 0
380 272 -1 0
379 272 -1 0
378 272 -1 0
377 272 -1 0
376 272 -1 0
386 271 -1 0
385 271 -1 0
384 271 -1 0
383 271 -1 0
382 271 -1 0
381 271 -1 0
380 271 -1 0
379 271 -1 0
378 271 -1 0
377 271 -1 0
376 271 -1 0
387 270 -1 0
386 270 -1 0
385 270 -1 0
384 270 -1 0
383 270 -1 0
382 270 -1 0
381 270 -1 0
380 270 -1 0
379 270 -1 0
378 270 -1 0
377 270 -1 0
376 270 -1 0
387 269 -1 0
386 269 -1 0
385 269 -1 0
384 269 -1 0
383 269 -1 0
382 269 -1 0
381 269 -1 0
380 269 -1 0
379 269 -1 0
378 269 -1 0
377 269 -1 0
387 268 -1 0
386 268 -1 0
385 268 -1 0
384 268 -1 0
383 268 -1 0
382 268 -1 0
381 268 -1 0
380 268 -1 0
379 268 -1 0
378 268 -1 0
377 268 -1 0
387 267 -1 0
386 267 -1 0
385 267 -1 0
384 267 -1 0
383 267 -1 0
382 267 -1 0
381 267 -1 0
380 267 -1 0
379 267 -1 0
378 267 -1 0
377 267 -1 0
387 266 -1 0
386 266 -1 0
385 266 -1 0
384 266 -1 0
383 266 -1 0
382 266 -1 0
381 266 -1 0
380 266 -1 0
379 266 -1 0
378 266 -1 0
377 266 -1 0
387 265 -1 0
386 265 -1 0
385 265 -1 0
384 265 -1 0
383 265 -1 0
382 265 -1 0
381 265 -1 0
380 265 -1 0
379 265 -1 0
378 265 -1 0
377 265 -1 0
387 264 -1 0
386 264 -1 0
385 264 -1 0
384 264 -1 0
383 264 -1 0
382 264 -1 0
381 264 -1 0
380 264 -1 0
379 264 -1 0
378 264 -1 0
377 264 -1 0
387 263 -1 0
386 263 -1 0
385 263 -1 0
384 263 -1 0
383 263 -1 0
382 263 -1 0
381 263 -1 0
380 263 -1 0
379 263 -1 0
378 263 -1 0
377 263 -1 0
387 262 -1 0
386 262 -1 0
385 262 -1 0
384 262 -1 0
383 262 -1 0
382 262 -1 0
381 262 -1 0
380 262 -1 0
379 262 -1 0
378 262 -1 0
377 262 -1 0
387 261 -1 0
386 261 -1 0
385 261 -1 0
384 261 -1 0
383 261 -1 0
382 261 -1 0
381 261 -1 0
380 261 -1 0
379 261 -1 0
378 261 -1 0
377 261 -1 0
387 260 -1 0
386 260 -1 0
385 260 -1 0
384 260 -1 0
383 260 -1 0
382 260 -1 0
381 260 -1 0
380 260 -1 0
379 260 -1 0
378 260 -1 0
377 260 -1 0
376 260 -1 0
301 260 -1 1
386 259 -1 0
385 259 -1 0
384 259 -1 0
383 259 -1 0
382 259 -1 0
381 259 -1 0
380 259 -1 0
379 259 -1 0
378 259 -1 0
377 259 -1 0
376 259 -1 0
304 259 -1 1
303 259 -1 1
302 259 -1 1
301 259 -1 1
300 259 -1 1
299 259 -1 1
298 259 -1 1
386 258 -1 0
385 258 -1 0
384 258 -1 0
383 258 -1 0
382 258 -1 0
381 258 -1 0
380 258 -1 0
379 258 -1 0
378 258 -1 0
377 258 -1 0
376 258 -1 0
305 258 -1 1
304 258 -1 1
303 258 -1 1
302 258 -1 1
301 258 -1 1
300 258 -1 1
299 258 -1 1
298 258 -1 1
297 258 -1 1
386 257 -1 0
385 257 -1 0
384 257 -1 0
383 257 -1 0
382 257 -1 0
381 257 -1 0
380 257 -1 0
379 257 -1 0
378 257 -1 0
377 257 -1 0
376 257 -1 0
305 257 -1 1
304 257 -1 1
303 257 -1 1
302 257 -1 1
301 257 -1 1
300 257 -1 1
299 257 -1 1
298 257 -1 1
297 257 -1 1
386 256 -1 0
385 256 -1 0
384 256 -1 0
383 256 -1 0
382 256 -1 0
381 256 -1 0
380 256 -1 0
379 256 -1 0
378 256 -1 0
377 256 -1 0
376 256 -1 0
305 256 -1 1
304 256 -1 1
303 256 -1 1
302 256 -1 1
301 256 -1 1
300 256 -1 1
299 256 -1 1
298 256 -1 1
297 256 -1 1
386 255 -1 0
385 255 -1 0
384 255 -1 0
383 255 -1 0
382 255 -1 0
381 255 -1 0
380 255 -1 0
379 255 -1 0
378 255 -1 0
377 255 -1 0
376 255 -1 0
375 255 -1 0
306 255 -1 1
305 255 -1 1
304 255 -1 1
303 255 -1 1
302 255 -1 1
301 255 -1 1
300 255 -1 1
299 255 -1 1
298 255 -1 1
297 255 -1 1
296 255 -1 1
385 254 -1 0
384 254 -1 0
383 254 -1 0
382 254 -1 0
381 254 -1 0
380 254 -1 0
379 254 -1 0
378 254 -1 0
377 254 -1 0
376 254 -1 0
375 254 -1 0
305 254 -1 1
304 254 -1 1
303 254 -1 1
302 254 -1 1
301 254 -1 1
300 254 -1 1
299 254 -1 1
298 254 -1 1
297 254 -1 1
385 253 -1 0
384 253 -1 0
383 253 -1 0
382 253 -1 0
381 253 -1 0
380 253 -1 0
379 253 -1 0
378 253 -1 0
377 253 -1 0
376 253 -1 0
375 253 -1 0
305 253 -1 1
304 253 -1 1
303 253 -1 1
302 253 -1 1
301 253 -1 1
300 253 -1 1
299 253 -1 1
298 253 -1 1
297 253 -1 1
385 252 -1 0
384 252 -1 0
383 252 -1 0
382 252 -1 0
381 252 -1 0
380 252 -1 0
379 252 -1 0
378 252 -1 0
377 252 -1 0
376 252 -1 0
375 252 -1 0
305 252 -1 1
304 252 -1 1
303 252 -1 1
302 252 -1 1
301 252 -1 1
300 252 -1 1
299 252 -1 1
298 252 -1 1
297 252 -1 1
385 251 -1 0
384 251 -1 0
383 251 -1 0
382 251 -1 0
381 251 -1 0
380 251 -1 0
379 251 -1 0
378 251 -1 0
377 251 -1 0
376 251 -1 0
375 251 -1 0
374 251 -1 0
304 251 -1 1
303 251 -1 1
302 251 -1 1
301 251 -1 1
300 251 -1 1
299 251 -1 1
298 251 -1 1
385 250 -1 0
384 250 -1 0
383 250 -1 0
382 250 -1 0
381 250 -1 0
380 250 -1 0
379 250 -1 0
378 250 -1 0
377 250 -1 0
376 250 -1 0
375 250 -1 0
374 250 -1 0
373 250 -1 0
301 250 -1 1
385 249 -1 0
384 249 -1 0
383 249 -1 0
382 249 -1 0
381 249 -1 0
380 249 -1 0
379 249 -1 0
378 249 -1 0
377 249 -1 0
376 249 -1 0
375 249 -1 0
374 249 -1 0
373 249 -1 0
384 248 -1 0
383 248 -1 0
382 248 -1 0
381 248 -1 0
380 248 -1 0
379 248 -1 0
378 248 -1 0
377 248 -1 0
376 248 -1 0
375 248 -1 0
374 248 -1 0
373 248 -1 0
372 248 -1 0
384 247 -1 0
383 247 -1 0
382 247 -1 0
381 247 -1 0
380 247 -1 0
379 247 -1 0
378 247 -1 0
377 247 -1 0
376 247 -1 0
375 247 -1 0
374 247 -1 0
373 247 -1 0
372 247 -1 0
384 246 -1 0
383 246 -1 0
382 246 -1 0
381 246 -1 0
380 246 -1 0
379 246 -1 0
378 246 -1 0
377 246 -1 0
376 246 -1 0
375 246 -1 0
374 246 -1 0
373 246 -1 0
372 246 -1 0
371 246 -1 0
383 245 -1 0
382 245 -1 0
381 245 -1 0
380 245 -1 0
379 245 -1 0
378 245 -1 0
377 245 -1 0
376 245 -1 0
375 245 -1 0
374 245 -1 0
373 245 -1 0
372 245 -1 0
371 245 -1 0
370 245 -1 0
382 244 -1 0
381 244 -1 0
380 244 -1 0
379 244 -1 0
378 244 -1 0
377 244 -1 0
376 244 -1 0
375 244 -1 0
374 244 -1 0
373 244 -1 0
372 244 -1 0
371 244 -1 0
370 244 -1 0
369 244 -1 0
381 243 -1 0
380 243 -1 0
379 243 -1 0
378 243 -1 0
377 243 -1 0
376 243 -1 0
375 243 -1 0
374 243 -1 0
373 243 -1 0
372 243 -1 0
371 243 -1 0
370 243 -1 0
369 243 -1 0
368 243 -1 0
381 242 -1 0
380 242 -1 0
379 242 -1 0
378 242 -1 0
377 242 -1 0
376 242 -1 0
375 242 -1 0
374 242 -1 0
373 242 -1 0
372 242 -1 0
371 242 -1 0
370 242 -1 0
369 242 -1 0
368 242 -1 0
380 241 -1 0
379 241 -1 0
378 241 -1 0
377 241 -1 0
376 241 -1 0
375 241 -1 0
374 241 -1 0
373 241 -1 0
372 241 -1 0
371 241 -1 0
370 241 -1 0
369 241 -1 0
368 241 -1 0
367 241 -1 0
379 240 -1 0
378 240 -1 0
377 240 -1 0
376 240 -1 0
375 240 -1 0
374 240 -1 0
373 240 -1 0
372 240 -1 0
371 240 -1 0
370 240 -1 0
369 240 -1 0
368 240 -1 0
367 240 -1 0
379 239 -1 0
378 239 -1 0
377 239 -1 0
376 239 -1 0
375 239 -1 0
374 239 -1 0
373 239 -1 0
372 239 -1 0
371 239 -1 0
370 239 -1 0
369 239 -1 0
368 239 -1 0
367 239 -1 0
366 239 -1 0
378 238 -1 0
377 238 -1 0
376 238 -1 0
375 238 -1 0
374 238 -1 0
373 238 -1 0
372 238 -1 0
371 238 -1 0
370 238 -1 0
369 238 -1 0
368 238 -1 0
367 238 -1 0
366 238 -1 0
377 237 -1 0
376 237 -1 0
375 237 -1 0
374 237 -1 0
373 237 -1 0
372 237 -1 0
371 237 -1 0
370 237 -1 0
369 237 -1 0
368 237 -1 0
367 237 -1 0
366 237 -1 0
365 237 -1 0
364 237 -1 0
376 236 -1 0
375 236 -1 0
374 236 -1 0
373 236 -1 0
372 236 -1 0
371 236 -1 0
370 236 -1 0
369 236 -1 0
368 236 -1 0
367 236 -1 0
366 236 -1 0
365 236 -1 0
364 236 -1 0
363 236 -1 0
244 236 -1 0
376 235 -1 0
375 235 -1 0
374 235 -1 0
373 235 -1 0
372 235 -1 0
371 235 -1 0
370 235 -1 0
369 235 -1 0
368 235 -1 0
367 235 -1 0
366 235 -1 0
365 235 -1 0
364 235 -1 0
363 235 -1 0
247 235 -1 0
246 235 -1 0
245 235 -1 0
244 235 -1 0
243 235 -1 0
242 235 -1 0
241 235 -1 0
375 234 -1 0
374 234 -1 0
373 234 -1 0
372 234 -1 0
371 234 -1 0
370 234 -1 0
369 234 -1 0
368 234 -1 0
367 234 -1 0
366 234 -1 0
365 234 -1 0
364 234 -1 0
363 234 -1 0
362 234 -1 0
248 234 -1 0
247 234 -1 0
246 234 -1 0
245 234 -1 0
244 234 -1 0
243 234 -1 0
242 234 -1 0
241 234 -1 0
240 234 -1 0
375 233 -1 0
374 233 -1 0
373 233 -1 0
372 233 -1 0
371 233 -1 0
370 233 -1 0
369 233 -1 0
368 233 -1 0
367 233 -1 0
366 233 -1 0
365 233 -1 0
364 233 -1 0
363 233 -1 0
362 233 -1 0
250 233 -1 0
249 233 -1 0
248 233 -1 0
247 233 -1 0
246 233 -1 0
245 233 -1 0
244 233 -1 0
243 233 -1 0
242 233 -1 0
241 233 -1 0
240 233 -1 0
374 232 -1 0
373 232 -1 0
372 232 -1 0
371 232 -1 0
370 232 -1 0
369 232 -1 0
368 232 -1 0
367 232 -1 0
366 232 -1 0
365 232 -1 0
364 232 -1 0
363 232 -1 0
362 232 -1 0
361 232 -1 0
253 232 -1 0
252 232 -1 0
251 232 -1 0
250 232 -1 0
249 232 -1 0
248 232 -1 0
247 232 -1 0
246 232 -1 0
245 232 -1 0
244 232 -1 0
243 232 -1 0
242 232 -1 0
241 232 -1 0
240 232 -1 0
374 231 -1 0
373 231 -1 0
372 231 -1 0
371 231 -1 0
370 231 -1 0
369 231 -1 0
368 231 -1 0
367 231 -1 0
366 231 -1 0
365 231 -1 0
364 231 -1 0
363 231 -1 0
362 231 -1 0
361 231 -1 0
360 231 -1 0
254 231 -1 0
253 231 -1 0
252 231 -1 0
251 231 -1 0
250 231 -1 0
249 231 -1 0
248 231 -1 0
247 231 -1 0
246 231 -1 0
245 231 -1 0
244 231 -1 0
243 231 -1 0
242 231 -1 0
241 231 -1 0
240 231 -1 0
239 231 -1 0
373 230 -1 0
372 230 -1 0
371 230 -1 0
370 230 -1 0
369 230 -1 0
368 230 -1 0
367 230 -1 0
366 230 -1 0
365 230 -1 0
364 230 -1 0
363 230 -1 0
362 230 -1 0
361 230 -1 0
360 230 -1 0
359 230 -1 0
255 230 -1 0
254 230 -1 0
253 230 -1 0
252 230 -1 0
251 230 -1 0
250 230 -1 0
249 230 -1 0
248 230 -1 0
247 230 -1 0
246 230 -1 0
245 230 -1 0
244 230 -1 0
243 230 -1 0
242 230 -1 0
241 230 -1 0
240 230 -1 0
239 230 -1 0
372 229 -1 0
371 229 -1 0
370 229 -1 0
369 229 -1 0
368 229 -1 0
367 229 -1 0
366 229 -1 0
365 229 -1 0
364 229 -1 0
363 229 -1 0
362 229 -1 0
361 229 -1 0
360 229 -1 0
359 229 -1 0
256 229 -1 0
255 229 -1 0
254 229 -1 0
253 229 -1 0
252 229 -1 0
251 229 -1 0
250 229 -1 0
249 229 -1 0
248 229 -1 0
247 229 -1 0
246 229 -1 0
245 229 -1 0
244 229 -1 0
243 229 -1 0
242 229 -1 0
241 229 -1 0
240 229 -1 0
239 229 -1 0
371 228 -1 0
370 228 -1 0
369 228 -1 0
368 228 -1 0
367 228 -1 0
366 228 -1 0
365 228 -1 0
364 228 -1 0
363 228 -1 0
362 228 -1 0
361 228 -1 0
360 228 -1 0
359 228 -1 0
358 228 -1 0
256 228 -1 0
255 228 -1 0
254 228 -1 0
253 228 -1 0
252 228 -1 0
251 228 -1 0
250 228 -1 0
249 228 -1 0
248 228 -1 0
247 228 -1 0
246 228 -1 0
245 228 -1 0
244 228 -1 0
243 228 -1 0
242 228 -1 0
241 228 -1 0
240 228 -1 0
370 227 -1 0
369 227 -1 0
368 227 -1 0
367 227 -1 0
366 227 -1 0
365 227 -1 0
364 227 -1 0
363 227 -1 0
362 227 -1 0
361 227 -1 0
360 227 -1 0
359 227 -1 0
358 227 -1 0
357 227 -1 0
257 227 -1 0
256 227 -1 0
255 227 -1 0
254 227 -1 0
253 227 -1 0
252 227 -1 0
251 227 -1 0
250 227 -1 0
249 227 -1 0
248 227 -1 0
247 227 -1 0
246 227 -1 0
245 227 -1 0
244 227 -1 0
243 227 -1 0
242 227 -1 0
241 227 -1 0
240 227 -1 0
369 226 -1 0
368 226 -1 0
367 226 -1 0
366 226 -1 0
365 226 -1 0
364 226 -1 0
363 226 -1 0
362 226 -1 0
361 226 -1 0
360 226 -1 0
359 226 -1 0
358 226 -1 0
357 226 -1 0
356 226 -1 0
258 226 -1 0
257 226 -1 0
256 226 -1 0
255 226 -1 0
254 226 -1 0
253 226 -1 0
252 226 -1 0
251 226 -1 0
250 226 -1 0
249 226 -1 0
248 226 -1 0
247 226 -1 0
246 226 -1 0
245 226 -1 0
244 226 -1 0
243 226 -1 0
242 226 -1 0
241 226 -1 0
240 226 -1 0
368 225 -1 0
367 225 -1 0
366 225 -1 0
365 225 -1 0
364 225 -1 0
363 225 -1 0
362 225 -1 0
361 225 -1 0
360 225 -1 0
359 225 -1 0
358 225 -1 0
357 225 -1 0
356 225 -1 0
355 225 -1 0
258 225 -1 0
257 225 -1 0
256 225 -1 0
255 225 -1 0
254 225 -1 0
253 225 -1 0
252 225 -1 0
251 225 -1 0
250 225 -1 0
249 225 -1 0
248 225 -1 0
247 225 -1 0
246 225 -1 0
245 225 -1 0
244 225 -1 0
243 225 -1 0
242 225 -1 0
241 225 -1 0
368 224 -1 0
367 224 -1 0
366 224 -1 0
365 224 -1 0
364 224 -1 0
363 224 -1 0
362 224 -1 0
361 224 -1 0
360 224 -1 0
359 224 -1 0
358 224 -1 0
357 224 -1 0
356 224 -1 0
355 224 -1 0
258 224 -1 0
257 224 -1 0
256 224 -1 0
255 224 -1 0
254 224 -1 0
253 224 -1 0
252 224 -1 0
251 224 -1 0
250 224 -1 0
249 224 -1 0
248 224 -1 0
247 224 -1 0
246 224 -1 0
245 224 -1 0
244 224 -1 0
243 224 -1 0
242 224 -1 0
367 223 -1 0
366 223 -1 0
365 223 -1 0
364 223 -1 0
363 223 -1 0
362 223 -1 0
361 223 -1 0
360 223 -1 0
359 223 -1 0
358 223 -1 0
357 223 -1 0
356 223 -1 0
355 223 -1 0
354 223 -1 0
259 223 -1 0
258 223 -1 0
257 223 -1 0
256 223 -1 0
255 223 -1 0
254 223 -1 0
253 223 -1 0
252 223 -1 0
251 223 -1 0
250 223 -1 0
249 223 -1 0
248 223 -1 0
247 223 -1 0
246 223 -1 0
245 223 -1 0
367 222 -1 0
366 222 -1 0
365 222 -1 0
364 222 -1 0
363 222 -1 0
362 222 -1 0
361 222 -1 0
360 222 -1 0
359 222 -1 0
358 222 -1 0
357 222 -1 0
356 222 -1 0
355 222 -1 0
354 222 -1 0
353 222 -1 0
259 222 -1 0
258 222 -1 0
257 222 -1 0
256 222 -1 0
255 222 -1 0
254 222 -1 0
253 222 -1 0
252 222 -1 0
251 222 -1 0
250 222 -1 0
249 222 -1 0
248 222 -1 0
366 221 -1 0
365 221 -1 0
364 221 -1 0
363 221 -1 0
362 221 -1 0
361 221 -1 0
360 221 -1 0
359 221 -1 0
358 221 -1 0
357 221 -1 0
356 221 -1 0
355 221 -1 0
354 221 -1 0
353 221 -1 0
259 221 -1 0
258 221 -1 0
257 221 -1 0
256 221 -1 0
255 221 -1 0
254 221 -1 0
253 221 -1 0
252 221 -1 0
251 221 -1 0
250 221 -1 0
249 221 -1 0
248 221 -1 0
365 220 -1 0
364 220 -1 0
363 220 -1 0
362 220 -1 0
361 220 -1 0
360 220 -1 0
359 220 -1 0
358 220 -1 0
357 220 -1 0
356 220 -1 0
355 220 -1 0
354 220 -1 0
353 220 -1 0
259 220 -1 0
258 220 -1 0
257 220 -1 0
256 220 -1 0
255 220 -1 0
254 220 -1 0
253 220 -1 0
252 220 -1 0
251 220 -1 0
250 220 -1 0
249 220 -1 0
364 219 -1 0
363 219 -1 0
362 219 -1 0
361 219 -1 0
360 219 -1 0
359 219 -1 0
358 219 -1 0
357 219 -1 0
356 219 -1 0
355 219 -1 0
354 219 -1 0
353 219 -1 0
352 219 -1 0
260 219 -1 0
259 219 -1 0
258 219 -1 0
257 219 -1 0
256 219 -1 0
255 219 -1 0
254 219 -1 0
253 219 -1 0
252 219 -1 0
251 219 -1 0
250 219 -1 0
249 219 -1 0
363 218 -1 0
362 218 -1 0
361 218 -1 0
360 218 -1 0
359 218 -1 0
358 218 -1 0
357 218 -1 0
356 218 -1 0
355 218 -1 0
354 218 -1 0
353 218 -1 0
352 218 -1 0
260 218 -1 0
259 218 -1 0
258 218 -1 0
257 218 -1 0
256 218 -1 0
255 218 -1 0
254 218 -1 0
253 218 -1 0
252 218 -1 0
251 218 -1 0
250 218 -1 0
363 217 -1 0
362 217 -1 0
361 217 -1 0
360 217 -1 0
359 217 -1 0
358 217 -1 0
357 217 -1 0
356 217 -1 0
355 217 -1 0
354 217 -1 0
353 217 -1 0
352 217 -1 0
260 217 -1 0
259 217 -1 0
258 217 -1 0
257 217 -1 0
256 217 -1 0
255 217 -1 0
254 217 -1 0
253 217 -1 0
252 217 -1 0
251 217 -1 0
250 217 -1 0
362 216 -1 0
361 216 -1 0
360 216 -1 0
359 216 -1 0
358 216 -1 0
357 216 -1 0
356 216 -1 0
355 216 -1 0
354 216 -1 0
353 216 -1 0
352 216 -1 0
351 216 -1 0
261 216 -1 0
260 216 -1 0
259 216 -1 0
258 216 -1 0
257 216 -1 0
256 216 -1 0
255 216 -1 0
254 216 -1 0
253 216 -1 0
252 216 -1 0
251 216 -1 0
250 216 -1 0
361 215 -1 0
360 215 -1 0
359 215 -1 0
358 215 -1 0
357 215 -1 0
356 215 -1 0
355 215 -1 0
354 215 -1 0
353 215 -1 0
352 215 -1 0
351 215 -1 0
261 215 -1 0
260 215 -1 0
259 215 -1 0
258 215 -1 0
257 215 -1 0
256 215 -1 0
255 215 -1 0
254 215 -1 0
253 215 -1 0
252 215 -1 0
251 215 -1 0
250 215 -1 0
361 214 -1 0
360 214 -1 0
359 214 -1 0
358 214 -1 0
357 214 -1 0
356 214 -1 0
355 214 -1 0
354 214 -1 0
353 214 -1 0
352 214 -1 0
351 214 -1 0
350 214 -1 0
261 214 -1 0
260 214 -1 0
259 214 -1 0
258 214 -1 0
257 214 -1 0
256 214 -1 0
255 214 -1 0
254 214 -1 0
253 214 -1 0
252 214 -1 0
251 214 -1 0
250 214 -1 0
114 214 -1 0
361 213 -1 0
360 213 -1 0
359 213 -1 0
358 213 -1 0
357 213 -1 0
356 213 -1 0
355 213 -1 0
354 213 -1 0
353 213 -1 0
352 213 -1 0
351 213 -1 0
350 213 -1 0
349 213 -1 0
262 213 -1 0
261 213 -1 0
260 213 -1 0
259 213 -1 0
258 213 -1 0
257 213 -1 0
256 213 -1 0
255 213 -1 0
254 213 -1 0
253 213 -1 0
252 213 -1 0
251 213 -1 0
250 213 -1 0
117 213 -1 0
116 213 -1 0
115 213 -1 0
114 213 -1 0
113 213 -1 0
112 213 -1 0
111 213 -1 0
360 212 -1 0
359 212 -1 0
358 212 -1 0
357 212 -1 0
356 212 -1 0
355 212 -1 0
354 212 -1 0
353 212 -1 0
352 212 -1 0
351 212 -1 0
350 212 -1 0
349 212 -1 0
348 212 -1 0
262 212 -1 0
261 212 -1 0
260 212 -1 0
259 212 -1 0
258 212 -1 0
257 212 -1 0
256 212 -1 0
255 212 -1 0
254 212 -1 0
253 212 -1 0
252 212 -1 0
251 212 -1 0
118 212 -1 0
117 212 -1 0
116 212 -1 0
115 212 -1 0
114 212 -1 0
113 212 -1 0
112 212 -1 0
111 212 -1 0
110 212 -1 0
360 211 -1 0
359 211 -1 0
358 211 -1 0
357 211 -1 0
356 211 -1 0
355 211 -1 0
354 211 -1 0
353 211 -1 0
352 211 -1 0
351 211 -1 0
350 211 -1 0
349 211 -1 0
348 211 -1 0
262 211 -1 0
261 211 -1 0
260 211 -1 0
259 211 -1 0
258 211 -1 0
257 211 -1 0
256 211 -1 0
255 211 -1 0
254 211 -1 0
253 211 -1 0
252 211 -1 0
251 211 -1 0
118 211 -1 0
117 211 -1 0
116 211 -1 0
115 211 -1 0
114 211 -1 0
113 211 -1 0
112 211 -1 0
111 211 -1 0
110 211 -1 0
109 211 -1 0
360 210 -1 0
359 210 -1 0
358 210 -1 0
357 210 -1 0
356 210 -1 0
355 210 -1 0
354 210 -1 0
353 210 -1 0
352 210 -1 0
351 210 -1 0
350 210 -1 0
349 210 -1 0
348 210 -1 0
347 210 -1 0
263 210 -1 0
262 210 -1 0
261 210 -1 0
260 210 -1 0
259 210 -1 0
258 210 -1 0
257 210 -1 0
256 210 -1 0
255 210 -1 0
254 210 -1 0
253 210 -1 0
252 210 -1 0
251 210 -1 0
118 210 -1 0
117 210 -1 0
116 210 -1 0
115 210 -1 0
114 210 -1 0
113 210 -1 0
112 210 -1 0
111 210 -1 0
110 210 -1 0
109 210 -1 0
359 209 -1 0
358 209 -1 0
357 209 -1 0
356 209 -1 0
355 209 -1 0
354 209 -1 0
353 209 -1 0
352 209 -1 0
351 209 -1 0
350 209 -1 0
349 209 -1 0
348 209 -1 0
347 209 -1 0
263 209 -1 0
262 209 -1 0
261 209 -1 0
260 209 -1 0
259 209 -1 0
258 209 -1 0
257 209 -1 0
256 209 -1 0
255 209 -1 0
254 209 -1 0
253 209 -1 0
252 209 -1 0
119 209 -1 0
118 209 -1 0
117 209 -1 0
116 209 -1 0
115 209 -1 0
114 209 -1 0
113 209 -1 0
112 209 -1 0
111 209 -1 0
110 209 -1 0
109 209 -1 0
359 208 -1 0
358 208 -1 0
357 208 -1 0
356 208 -1 0
355 208 -1 0
354 208 -1 0
353 208 -1 0
352 208 -1 0
351 208 -1 0
350 208 -1 0
349 208 -1 0
348 208 -1 0
347 208 -1 0
263 208 -1 0
262 208 -1 0
261 208 -1 0
260 208 -1 0
259 208 -1 0
258 208 -1 0
257 208 -1 0
256 208 -1 0
255 208 -1 0
254 208 -1 0
253 208 -1 0
119 208 -1 0
118 208 -1 0
117 208 -1 0
116 208 -1 0
115 208 -1 0
114 208 -1 0
113 208 -1 0
112 208 -1 0
111 208 -1 0
110 208 -1 0
109 208 -1 0
108 208 -1 0
358 207 -1 0
357 207 -1 0
356 207 -1 0
355 207 -1 0
354 207 -1 0
353 207 -1 0
352 207 -1 0
351 207 -1 0
350 207 -1 0
349 207 -1 0
348 207 -1 0
347 207 -1 0
346 207 -1 0
263 207 -1 0
262 207 -1 0
261 207 -1 0
260 207 -1 0
259 207 -1 0
258 207 -1 0
257 207 -1 0
256 207 -1 0
255 207 -1 0
254 207 -1 0
253 207 -1 0
119 207 -1 0
118 207 -1 0
117 207 -1 0
116 207 -1 0
115 207 -1 0
114 207 -1 0
113 207 -1 0
112 207 -1 0
111 207 -1 0
110 207 -1 0
109 207 -1 0
108 207 -1 0
358 206 -1 0
357 206 -1 0
356 206 -1 0
355 206 -1 0
354 206 -1 0
353 206 -1 0
352 206 -1 0
351 206 -1 0
350 206 -1 0
349 206 -1 0
348 206 -1 0
347 206 -1 0
263 206 -1 0
262 206 -1 0
261 206 -1 0
260 206 -1 0
259 206 -1 0
258 206 -1 0
257 206 -1 0
256 206 -1 0
255 206 -1 0
254 206 -1 0
121 206 -1 0
120 206 -1 0
119 206 -1 0
118 206 -1 0
117 206 -1 0
116 206 -1 0
115 206 -1 0
114 206 -1 0
113 206 -1 0
112 206 -1 0
111 206 -1 0
110 206 -1 0
109 206 -1 0
357 205 -1 0
356 205 -1 0
355 205 -1 0
354 205 -1 0
353 205 -1 0
352 205 -1 0
351 205 -1 0
350 205 -1 0
349 205 -1 0
348 205 -1 0
347 205 -1 0
346 205 -1 0
263 205 -1 0
262 205 -1 0
261 205 -1 0
260 205 -1 0
259 205 -1 0
258 205 -1 0
257 205 -1 0
256 205 -1 0
255 205 -1 0
254 205 -1 0
253 205 -1 0
122 205 -1 0
121 205 -1 0
120 205 -1 0
119 205 -1 0
118 205 -1 0
117 205 -1 0
116 205 -1 0
115 205 -1 0
114 205 -1 0
113 205 -1 0
112 205 -1 0
111 205 -1 0
110 205 -1 0
109 205 -1 0
108 205 -1 0
356 204 -1 0
355 204 -1 0
354 204 -1 0
353 204 -1 0
352 204 -1 0
351 204 -1 0
350 204 -1 0
349 204 -1 0
348 204 -1 0
347 204 -1 0
346 204 -1 0
263 204 -1 0
262 204 -1 0
261 204 -1 0
260 204 -1 0
259 204 -1 0
258 204 -1 0
257 204 -1 0
256 204 -1 0
255 204 -1 0
254 204 -1 0
253 204 -1 0
122 204 -1 0
121 204 -1 0
120 204 -1 0
119 204 -1 0
118 204 -1 0
117 204 -1 0
116 204 -1 0
115 204 -1 0
114 204 -1 0
113 204 -1 0
112 204 -1 0
111 204 -1 0
110 204 -1 0
109 204 -1 0
108 204 -1 0
356 203 -1 0
355 203 -1 0
354 203 -1 0
353 203 -1 0
352 203 -1 0
351 203 -1 0
350 203 -1 0
349 203 -1 0
348 203 -1 0
347 203 -1 0
346 203 -1 0
264 203 -1 0
263 203 -1 0
262 203 -1 0
261 203 -1 0
260 203 -1 0
259 203 -1 0
258 203 -1 0
257 203 -1 0
256 203 -1 0
255 203 -1 0
254 203 -1 0
253 203 -1 0
122 203 -1 0
121 203 -1 0
120 203 -1 0
119 203 -1 0
118 203 -1 0
117 203 -1 0
116 203 -1 0
115 203 -1 0
114 203 -1 0
113 203 -1 0
112 203 -1 0
111 203 -1 0
110 203 -1 0
109 203 -1 0
108 203 -1 0
356 202 -1 0
355 202 -1 0
354 202 -1 0
353 202 -1 0
352 202 -1 0
351 202 -1 0
350 202 -1 0
349 202 -1 0
348 202 -1 0
347 202 -1 0
346 202 -1 0
264 202 -1 0
263 202 -1 0
262 202 -1 0
261 202 -1 0
260 202 -1 0
259 202 -1 0
258 202 -1 0
257 202 -1 0
256 202 -1 0
255 202 -1 0
254 202 -1 0
123 202 -1 0
122 202 -1 0
121 202 -1 0
120 202 -1 0
119 202 -1 0
118 202 -1 0
117 202 -1 0
116 202 -1 0
115 202 -1 0
114 202 -1 0
113 202 -1 0
112 202 -1 0
111 202 -1 0
110 202 -1 0
109 202 -1 0
108 202 -1 0
107 202 -1 0
356 201 -1 0
355 201 -1 0
354 201 -1 0
353 201 -1 0
352 201 -1 0
351 201 -1 0
350 201 -1 0
349 201 -1 0
348 201 -1 0
347 201 -1 0
346 201 -1 0
264 201 -1 0
263 201 -1 0
262 201 -1 0
261 201 -1 0
260 201 -1 0
259 201 -1 0
258 201 -1 0
257 201 -1 0
256 201 -1 0
255 201 -1 0
254 201 -1 0
123 201 -1 0
122 201 -1 0
121 201 -1 0
120 201 -1 0
119 201 -1 0
118 201 -1 0
117 201 -1 0
116 201 -1 0
115 201 -1 0
114 201 -1 0
113 201 -1 0
112 201 -1 0
111 201 -1 0
110 201 -1 0
109 201 -1 0
108 201 -1 0
107 201 -1 0
356 200 -1 0
355 200 -1 0
354 200 -1 0
353 200 -1 0
352 200 -1 0
351 200 -1 0
350 200 -1 0
349 200 -1 0
348 200 -1 0
347 200 -1 0
346 200 -1 0
264 200 -1 0
263 200 -1 0
262 200 -1 0
261 200 -1 0
260 200 -1 0
259 200 -1 0
258 200 -1 0
257 200 -1 0
256 200 -1 0
255 200 -1 0
254 200 -1 0
123 200 -1 0
122 200 -1 0
121 200 -1 0
120 200 -1 0
119 200 -1 0
118 200 -1 0
117 200 -1 0
116 200 -1 0
115 200 -1 0
114 200 -1 0
113 200 -1 0
112 200 -1 0
111 200 -1 0
110 200 -1 0
109 200 -1 0
108 200 -1 0
107 200 -1 0
356 199 -1 0
355 199 -1 0
354 199 -1 0
353 199 -1 0
352 199 -1 0
351 199 -1 0
350 199 -1 0
349 199 -1 0
348 199 -1 0
347 199 -1 0
346 199 -1 0
264 199 -1 0
263 199 -1 0
262 199 -1 0
261 199 -1 0
260 199 -1 0
259 199 -1 0
258 199 -1 0
257 199 -1 0
256 199 -1 0
255 199 -1 0
254 199 -1 0
122 199 -1 0
121 199 -1 0
120 199 -1 0
119 199 -1 0
118 199 -1 0
117 199 -1 0
116 199 -1 0
115 199 -1 0
114 199 -1 0
113 199 -1 0
112 199 -1 0
111 199 -1 0
110 199 -1 0
109 199 -1 0
108 199 -1 0
107 199 -1 0
106 199 -1 0
356 198 -1 0
355 198 -1 0
354 198 -1 0
353 198 -1 0
352 198 -1 0
351 198 -1 0
350 198 -1 0
349 198 -1 0
348 198 -1 0
347 198 -1 0
346 198 -1 0
345 198 -1 0
264 198 -1 0
263 198 -1 0
262 198 -1 0
261 198 -1 0
260 198 -1 0
259 198 -1 0
258 198 -1 0
257 198 -1 0
256 198 -1 0
255 198 -1 0
254 198 -1 0
123 198 -1 0
122 198 -1 0
121 198 -1 0
120 198 -1 0
119 198 -1 0
118 198 -1 0
117 198 -1 0
116 198 -1 0
115 198 -1 0
114 198 -1 0
113 198 -1 0
112 198 -1 0
111 198 -1 0
110 198 -1 0
109 198 -1 0
108 198 -1 0
107 198 -1 0
356 197 -1 0
355 197 -1 0
354 197 -1 0
353 197 -1 0
352 197 -1 0
351 197 -1 0
350 197 -1 0
349 197 -1 0
348 197 -1 0
347 197 -1 0
346 197 -1 0
345 197 -1 0
344 197 -1 0
264 197 -1 0
263 197 -1 0
262 197 -1 0
261 197 -1 0
260 197 -1 0
259 197 -1 0
258 197 -1 0
257 197 -1 0
256 197 -1 0
255 197 -1 0
254 197 -1 0
122 197 -1 0
121 197 -1 0
120 197 -1 0
119 197 -1 0
118 197 -1 0
117 197 -1 0
116 197 -1 0
115 197 -1 0
114 197 -1 0
113 197 -1 0
112 197 -1 0
111 197 -1 0
110 197 -1 0
109 197 -1 0
108 197 -1 0
107 197 -1 0
106 197 -1 0
356 196 -1 0
355 196 -1 0
354 196 -1 0
353 196 -1 0
352 196 -1 0
351 196 -1 0
350 196 -1 0
349 196 -1 0
348 196 -1 0
347 196 -1 0
346 196 -1 0
345 196 -1 0
344 196 -1 0
264 196 -1 0
263 196 -1 0
262 196 -1 0
261 196 -1 0
260 196 -1 0
259 196 -1 0
258 196 -1 0
257 196 -1 0
256 196 -1 0
255 196 -1 0
254 196 -1 0
122 196 -1 0
121 196 -1 0
120 196 -1 0
119 196 -1 0
118 196 -1 0
117 196 -1 0
116 196 -1 0
115 196 -1 0
114 196 -1 0
113 196 -1 0
112 196 -1 0
111 196 -1 0
110 196 -1 0
109 196 -1 0
108 196 -1 0
107 196 -1 0
356 195 -1 0
355 195 -1 0
354 195 -1 0
353 195 -1 0
352 195 -1 0
351 195 -1 0
350 195 -1 0
349 195 -1 0
348 195 -1 0
347 195 -1 0
346 195 -1 0
345 195 -1 0
344 195 -1 0
264 195 -1 0
263 195 -1 0
262 195 -1 0
261 195 -1 0
260 195 -1 0
259 195 -1 0
258 195 -1 0
257 195 -1 0
256 195 -1 0
255 195 -1 0
254 195 -1 0
123 195 -1 0
122 195 -1 0
121 195 -1 0
120 195 -1 0
119 195 -1 0
118 195 -1 0
117 195 -1 0
116 195 -1 0
115 195 -1 0
114 195 -1 0
113 195 -1 0
112 195 -1 0
111 195 -1 0
110 195 -1 0
109 195 -1 0
108 195 -1 0
107 195 -1 0
356 194 -1 0
355 194 -1 0
354 194 -1 0
353 194 -1 0
352 194 -1 0
351 194 -1 0
350 194 -1 0
349 194 -1 0
348 194 -1 0
347 194 -1 0
346 194 -1 0
345 194 -1 0
344 194 -1 0
343 194 -1 0
263 194 -1 0
262 194 -1 0
261 194 -1 0
260 194 -1 0
259 194 -1 0
258 194 -1 0
257 194 -1 0
256 194 -1 0
255 194 -1 0
123 194 -1 0
122 194 -1 0
121 194 -1 0
120 194 -1 0
119 194 -1 0
118 194 -1 0
117 194 -1 0
116 194 -1 0
115 194 -1 0
114 194 -1 0
113 194 -1 0
112 194 -1 0
111 194 -1 0
110 194 -1 0
109 194 -1 0
108 194 -1 0
107 194 -1 0
106 194 -1 0
356 193 -1 0
355 193 -1 0
354 193 -1 0
353 193 -1 0
352 193 -1 0
351 193 -1 0
350 193 -1 0
349 193 -1 0
348 193 -1 0
347 193 -1 0
346 193 -1 0
345 193 -1 0
344 193 -1 0
343 193 -1 0
263 193 -1 0
262 193 -1 0
261 193 -1 0
260 193 -1 0
259 193 -1 0
258 193 -1 0
257 193 -1 0
256 193 -1 0
255 193 -1 0
123 193 -1 0
122 193 -1 0
121 193 -1 0
120 193 -1 0
119 193 -1 0
118 193 -1 0
117 193 -1 0
116 193 -1 0
115 193 -1 0
114 193 -1 0
113 193 -1 0
112 193 -1 0
111 193 -1 0
110 193 -1 0
109 193 -1 0
108 193 -1 0
107 193 -1 0
356 192 -1 0
355 192 -1 0
354 192 -1 0
353 192 -1 0
352 192 -1 0
351 192 -1 0
350 192 -1 0
349 192 -1 0
348 192 -1 0
347 192 -1 0
346 192 -1 0
345 192 -1 0
344 192 -1 0
343 192 -1 0
263 192 -1 0
262 192 -1 0
261 192 -1 0
260 192 -1 0
259 192 -1 0
258 192 -1 0
257 192 -1 0
256 192 -1 0
255 192 -1 0
124 192 -1 0
123 192 -1 0
122 192 -1 0
121 192 -1 0
120 192 -1 0
119 192 -1 0
118 192 -1 0
117 192 -1 0
116 192 -1 0
115 192 -1 0
114 192 -1 0
113 192 -1 0
112 192 -1 0
111 192 -1 0
110 192 -1 0
109 192 -1 0
108 192 -1 0
107 192 -1 0
98 192 -1 0
97 192 -1 0
96 192 -1 0
95 192 -1 0
94 192 -1 0
93 192 -1 0
92 192 -1 0
91 192 -1 0
90 192 -1 0
89 192 -1 0
88 192 -1 0
87 192 -1 0
86 192 -1 0
85 192 -1 0
84 192 -1 0
83 192 -1 0
82 192 -1 0
356 191 -1 0
355 191 -1 0
354 191 -1 0
353 191 -1 0
352 191 -1 0
351 191 -1 0
350 191 -1 0
349 191 -1 0
348 191 -1 0
347 191 -1 0
346 191 -1 0
345 191 -1 0
344 191 -1 0
343 191 -1 0
342 191 -1 0
262 191 -1 0
261 191 -1 0
260 191 -1 0
259 191 -1 0
258 191 -1 0
257 191 -1 0
256 191 -1 0
124 191 -1 0
123 191 -1 0
122 191 -1 0
121 191 -1 0
120 191 -1 0
119 191 -1 0
118 191 -1 0
117 191 -1 0
116 191 -1 0
115 191 -1 0
114 191 -1 0
113 191 -1 0
112 191 -1 0
111 191 -1 0
110 191 -1 0
109 191 -1 0
108 191 -1 0
107 191 -1 0
106 191 -1 0
105 191 -1 0
101 191 -1 0
100 191 -1 0
99 191 -1 0
98 191 -1 0
97 191 -1 0
96 191 -1 0
95 191 -1 0
94 191 -1 0
93 191 -1 0
92 191 -1 0
91 191 -1 0
90 191 -1 0
89 191 -1 0
88 191 -1 0
87 191 -1 0
86 191 -1 0
85 191 -1 0
84 191 -1 0
83 191 -1 0
82 191 -1 0
81 191 -1 0
80 191 -1 0
79 191 -1 0
356 190 -1 0
355 190 -1 0
354 190 -1 0
353 190 -1 0
352 190 -1 0
351 190 -1 0
350 190 -1 0
349 190 -1 0
348 190 -1 0
347 190 -1 0
346 190 -1 0
345 190 -1 0
344 190 -1 0
343 190 -1 0
342 190 -1 0
259 190 -1 0
124 190 -1 0
123 190 -1 0
122 190 -1 0
121 190 -1 0
120 190 -1 0
119 190 -1 0
118 190 -1 0
117 190 -1 0
116 190 -1 0
115 190 -1 0
114 190 -1 0
113 190 -1 0
112 190 -1 0
111 190 -1 0
110 190 -1 0
109 190 -1 0
108 190 -1 0
107 190 -1 0
106 190 -1 0
105 190 -1 0
104 190 -1 0
102 190 -1 0
101 190 -1 0
100 190 -1 0
99 190 -1 0
98 190 -1 0
97 190 -1 0
96 190 -1 0
95 190 -1 0
94 190 -1 0
93 190 -1 0
92 190 -1 0
91 190 -1 0
90 190 -1 0
89 190 -1 0
88 190 -1 0
87 190 -1 0
86 190 -1 0
85 190 -1 0
84 190 -1 0
83 190 -1 0
82 190 -1 0
81 190 -1 0
80 190 -1 0
79 190 -1 0
78 190 -1 0
356 189 -1 0
355 189 -1 0
354 189 -1 0
353 189 -1 0
352 189 -1 0
351 189 -1 0
350 189 -1 0
349 189 -1 0
348 189 -1 0
347 189 -1 0
346 189 -1 0
345 189 -1 0
344 189 -1 0
343 189 -1 0
342 189 -1 0
125 189 -1 0
124 189 -1 0
123 189 -1 0
122 189 -1 0
121 189 -1 0
120 189 -1 0
119 189 -1 0
118 189 -1 0
117 189 -1 0
116 189 -1 0
115 189 -1 0
114 189 -1 0
113 189 -1 0
112 189 -1 0
111 189 -1 0
110 189 -1 0
109 189 -1 0
108 189 -1 0
107 189 -1 0
106 189 -1 0
105 189 -1 0
104 189 -1 0
103 189 -1 0
102 189 -1 0
101 189 -1 0
100 189 -1 0
99 189 -1 0
98 189 -1 0
97 189 -1 0
96 189 -1 0
95 189 -1 0
94 189 -1 0
93 189 -1 0
92 189 -1 0
91 189 -1 0
90 189 -1 0
89 189 -1 0
88 189 -1 0
87 189 -1 0
86 189 -1 0
85 189 -1 0
84 189 -1 0
83 189 -1 0
82 189 -1 0
81 189 -1 0
80 189 -1 0
79 189 -1 0
78 189 -1 0
77 189 -1 0
356 188 -1 0
355 188 -1 0
354 188 -1 0
353 188 -1 0
352 188 -1 0
351 188 -1 0
350 188 -1 0
349 188 -1 0
348 188 -1 0
347 188 -1 0
346 188 -1 0
345 188 -1 0
344 188 -1 0
343 188 -1 0
342 188 -1 0
341 188 -1 0
125 188 -1 0
124 188 -1 0
123 188 -1 0
122 188 -1 0
121 188 -1 0
120 188 -1 0
119 188 -1 0
118 188 -1 0
117 188 -1 0
116 188 -1 0
115 188 -1 0
114 188 -1 0
113 188 -1 0
112 188 -1 0
111 188 -1 0
110 188 -1 0
109 188 -1 0
108 188 -1 0
107 188 -1 0
106 188 -1 0
105 188 -1 0
104 188 -1 0
103 188 -1 0
102 188 -1 0
101 188 -1 0
100 188 -1 0
99 188 -1 0
98 188 -1 0
97 188 -1 0
96 188 -1 0
95 188 -1 0
94 188 -1 0
93 188 -1 0
92 188 -1 0
91 188 -1 0
90 188 -1 0
89 188 -1 0
88 188 -1 0
87 188 -1 0
86 188 -1 0
85 188 -1 0
84 188 -1 0
83 188 -1 0
82 188 -1 0
81 188 -1 0
80 188 -1 0
79 188 -1 0
78 188 -1 0
77 188 -1 0
356 187 -1 0
355 187 -1 0
354 187 -1 0
353 187 -1 0
352 187 -1 0
351 187 -1 0
350 187 -1 0
349 187 -1 0
348 187 -1 0
347 187 -1 0
346 187 -1 0
345 187 -1 0
344 187 -1 0
343 187 -1 0
342 187 -1 0
341 187 -1 0
126 187 -1 0
125 187 -1 0
124 187 -1 0
123 187 -1 0
122 187 -1 0
121 187 -1 0
120 187 -1 0
119 187 -1 0
118 187 -1 0
117 187 -1 0
116 187 -1 0
115 187 -1 0
114 187 -1 0
113 187 -1 0
112 187 -1 0
111 187 -1 0
110 187 -1 0
109 187 -1 0
108 187 -1 0
107 187 -1 0
106 187 -1 0
105 187 -1 0
104 187 -1 0
103 187 -1 0
102 187 -1 0
101 187 -1 0
100 187 -1 0
99 187 -1 0
98 187 -1 0
97 187 -1 0
96 187 -1 0
95 187 -1 0
94 187 -1 0
93 187 -1 0
92 187 -1 0
91 187 -1 0
90 187 -1 0
89 187 -1 0
88 187 -1 0
87 187 -1 0
86 187 -1 0
85 187 -1 0
84 187 -1 0
83 187 -1 0
82 187 -1 0
81 187 -1 0
80 187 -1 0
79 187 -1 0
78 187 -1 0
77 187 -1 0
356 186 -1 0
355 186 -1 0
354 186 -1 0
353 186 -1 0
352 186 -1 0
351 186 -1 0
350 186 -1 0
349 186 -1 0
348 186 -1 0
347 186 -1 0
346 186 -1 0
345 186 -1 0
344 186 -1 0
343 186 -1 0
342 186 -1 0
341 186 -1 0
126 186 -1 0
125 186 -1 0
124 186 -1 0
123 186 -1 0
122 186 -1 0
121 186 -1 0
120 186 -1 0
119 186 -1 0
118 186 -1 0
117 186 -1 0
116 186 -1 0
115 186 -1 0
114 186 -1 0
113 186 -1 0
112 186 -1 0
111 186 -1 0
110 186 -1 0
109 186 -1 0
108 186 -1 0
107 186 -1 0
106 186 -1 0
105 186 -1 0
104 186 -1 0
103 186 -1 0
102 186 -1 0
101 186 -1 0
100 186 -1 0
99 186 -1 0
98 186 -1 0
97 186 -1 0
96 186 -1 0
95 186 -1 0
94 186 -1 0
93 186 -1 0
92 186 -1 0
91 186 -1 0
90 186 -1 0
89 186 -1 0
88 186 -1 0
87 186 -1 0
86 186 -1 0
85 186 -1 0
84 186 -1 0
83 186 -1 0
82 186 -1 0
81 186 -1 0
80 186 -1 0
79 186 -1 0
78 186 -1 0
77 186 -1 0
76 186 -1 0
356 185 -1 0
355 185 -1 0
354 185 -1 0
353 185 -1 0
352 185 -1 0
351 185 -1 0
350 185 -1 0
349 185 -1 0
348 185 -1 0
347 185 -1 0
346 185 -1 0
345 185 -1 0
344 185 -1 0
343 185 -1 0
342 185 -1 0
341 185 -1 0
127 185 -1 0
126 185 -1 0
125 185 -1 0
124 185 -1 0
123 185 -1 0
122 185 -1 0
121 185 -1 0
120 185 -1 0
119 185 -1 0
118 185 -1 0
117 185 -1 0
116 185 -1 0
115 185 -1 0
114 185 -1 0
113 185 -1 0
112 185 -1 0
111 185 -1 0
110 185 -1 0
109 185 -1 0
108 185 -1 0
107 185 -1 0
106 185 -1 0
105 185 -1 0
104 185 -1 0
103 185 -1 0
102 185 -1 0
101 185 -1 0
100 185 -1 0
99 185 -1 0
98 185 -1 0
97 185 -1 0
96 185 -1 0
95 185 -1 0
94 185 -1 0
93 185 -1 0
92 185 -1 0
91 185 -1 0
90 185 -1 0
89 185 -1 0
88 185 -1 0
87 185 -1 0
86 185 -1 0
85 185 -1 0
84 185 -1 0
83 185 -1 0
82 185 -1 0
81 185 -1 0
80 185 -1 0
79 185 -1 0
78 185 -1 0
77 185 -1 0
76 185 -1 0
356 184 -1 0
355 184 -1 0
354 184 -1 0
353 184 -1 0
352 184 -1 0
351 184 -1 0
350 184 -1 0
349 184 -1 0
348 184 -1 0
347 184 -1 0
346 184 -1 0
345 184 -1 0
344 184 -1 0
343 184 -1 0
342 184 -1 0
341 184 -1 0
127 184 -1 0
126 184 -1 0
125 184 -1 0
124 184 -1 0
123 184 -1 0
122 184 -1 0
121 184 -1 0
120 184 -1 0
119 184 -1 0
118 184 -1 0
117 184 -1 0
116 184 -1 0
115 184 -1 0
114 184 -1 0
113 184 -1 0
112 184 -1 0
111 184 -1 0
110 184 -1 0
109 184 -1 0
108 184 -1 0
107 184 -1 0
106 184 -1 0
105 184 -1 0
104 184 -1 0
103 184 -1 0
102 184 -1 0
101 184 -1 0
100 184 -1 0
99 184 -1 0
98 184 -1 0
97 184 -1 0
96 184 -1 0
95 184 -1 0
94 184 -1 0
93 184 -1 0
92 184 -1 0
91 184 -1 0
90 184 -1 0
89 184 -1 0
88 184 -1 0
87 184 -1 0
86 184 -1 0
85 184 -1 0
84 184 -1 0
83 184 -1 0
82 184 -1 0
81 184 -1 0
80 184 -1 0
79 184 -1 0
78 184 -1 0
77 184 -1 0
356 183 -1 0
355 183 -1 0
354 183 -1 0
353 183 -1 0
352 183 -1 0
351 183 -1 0
350 183 -1 0
349 183 -1 0
348 183 -1 0
347 183 -1 0
346 183 -1 0
345 183 -1 0
344 183 -1 0
343 183 -1 0
342 183 -1 0
341 183 -1 0
340 183 -1 0
127 183 -1 0
126 183 -1 0
125 183 -1 0
124 183 -1 0
123 183 -1 0
122 183 -1 0
121 183 -1 0
120 183 -1 0
119 183 -1 0
118 183 -1 0
117 183 -1 0
116 183 -1 0
115 183 -1 0
114 183 -1 0
113 183 -1 0
112 183 -1 0
111 183 -1 0
110 183 -1 0
109 183 -1 0
108 183 -1 0
107 183 -1 0
106 183 -1 0
105 183 -1 0
104 183 -1 0
103 183 -1 0
102 183 -1 0
101 183 -1 0
100 183 -1 0
99 183 -1 0
98 183 -1 0
97 183 -1 0
96 183 -1 0
95 183 -1 0
94 183 -1 0
93 183 -1 0
92 183 -1 0
91 183 -1 0
90 183 -1 0
89 183 -1 0
88 183 -1 0
87 183 -1 0
86 183 -1 0
85 183 -1 0
84 183 -1 0
83 183 -1 0
82 183 -1 0
81 183 -1 0
80 183 -1 0
79 183 -1 0
78 183 -1 0
77 183 -1 0
76 183 -1 0
356 182 -1 0
355 182 -1 0
354 182 -1 0
353 182 -1 0
352 182 -1 0
351 182 -1 0
350 182 -1 0
349 182 -1 0
348 182 -1 0
347 182 -1 0
346 182 -1 0
345 182 -1 0
344 182 -1 0
343 182 -1 0
342 182 -1 0
341 182 -1 0
340 182 -1 0
128 182 -1 0
127 182 -1 0
126 182 -1 0
125 182 -1 0
124 182 -1 0
123 182 -1 0
122 182 -1 0
121 182 -1 0
120 182 -1 0
119 182 -1 0
118 182 -1 0
117 182 -1 0
116 182 -1 0
115 182 -1 0
114 182 -1 0
113 182 -1 0
112 182 -1 0
111 182 -1 0
110 182 -1 0
109 182 -1 0
108 182 -1 0
107 182 -1 0
106 182 -1 0
105 182 -1 0
104 182 -1 0
103 182 -1 0
102 182 -1 0
101 182 -1 0
100 182 -1 0
99 182 -1 0
98 182 -1 0
97 182 -1 0
96 182 -1 0
95 182 -1 0
94 182 -1 0
93 182 -1 0
92 182 -1 0
91 182 -1 0
90 182 -1 0
89 182 -1 0
88 182 -1 0
87 182 -1 0
86 182 -1 0
85 182 -1 0
84 182 -1 0
83 182 -1 0
82 182 -1 0
81 182 -1 0
80 182 -1 0
79 182 -1 0
78 182 -1 0
77 182 -1 0
356 181 -1 0
355 181 -1 0
354 181 -1 0
353 181 -1 0
352 181 -1 0
351 181 -1 0
350 181 -1 0
349 181 -1 0
348 181 -1 0
347 181 -1 0
346 181 -1 0
345 181 -1 0
344 181 -1 0
343 181 -1 0
342 181 -1 0
341 181 -1 0
340 181 -1 0
128 181 -1 0
127 181 -1 0
126 181 -1 0
125 181 -1 0
124 181 -1 0
123 181 -1 0
122 181 -1 0
121 181 -1 0
120 181 -1 0
119 181 -1 0
118 181 -1 0
117 181 -1 0
116 181 -1 0
115 181 -1 0
114 181 -1 0
113 181 -1 0
112 181 -1 0
111 181 -1 0
110 181 -1 0
109 181 -1 0
108 181 -1 0
107 181 -1 0
106 181 -1 0
105 181 -1 0
104 181 -1 0
103 181 -1 0
102 181 -1 0
101 181 -1 0
100 181 -1 0
99 181 -1 0
98 181 -1 0
97 181 -1 0
96 181 -1 0
95 181 -1 0
94 181 -1 0
93 181 -1 0
92 181 -1 0
91 181 -1 0
90 181 -1 0
89 181 -1 0
88 181 -1 0
87 181 -1 0
86 181 -1 0
85 181 -1 0
84 181 -1 0
83 181 -1 0
82 181 -1 0
81 181 -1 0
80 181 -1 0
79 181 -1 0
78 181 -1 0
77 181 -1 0
356 180 -1 0
355 180 -1 0
354 180 -1 0
353 180 -1 0
352 180 -1 0
351 180 -1 0
350 180 -1 0
349 180 -1 0
348 180 -1 0
347 180 -1 0
346 180 -1 0
345 180 -1 0
344 180 -1 0
343 180 -1 0
342 180 -1 0
341 180 -1 0
340 180 -1 0
127 180 -1 0
126 180 -1 0
125 180 -1 0
124 180 -1 0
123 180 -1 0
122 180 -1 0
121 180 -1 0
120 180 -1 0
119 180 -1 0
118 180 -1 0
117 180 -1 0
116 180 -1 0
115 180 -1 0
114 180 -1 0
113 180 -1 0
112 180 -1 0
111 180 -1 0
110 180 -1 0
109 180 -1 0
108 180 -1 0
107 180 -1 0
106 180 -1 0
105 180 -1 0
104 180 -1 0
103 180 -1 0
102 180 -1 0
101 180 -1 0
100 180 -1 0
99 180 -1 0
98 180 -1 0
97 180 -1 0
96 180 -1 0
95 180 -1 0
94 180 -1 0
93 180 -1 0
92 180 -1 0
91 180 -1 0
90 180 -1 0
89 180 -1 0
88 180 -1 0
87 180 -1 0
86 180 -1 0
85 180 -1 0
84 180 -1 0
83 180 -1 0
82 180 -1 0
81 180 -1 0
80 180 -1 0
79 180 -1 0
78 180 -1 0
77 180 -1 0
356 179 -1 0
355 179 -1 0
354 179 -1 0
353 179 -1 0
352 179 -1 0
351 179 -1 0
350 179 -1 0
349 179 -1 0
348 179 -1 0
347 179 -1 0
346 179 -1 0
345 179 -1 0
344 179 -1 0
343 179 -1 0
342 179 -1 0
341 179 -1 0
340 179 -1 0
127 179 -1 0
126 179 -1 0
125 179 -1 0
124 179 -1 0
123 179 -1 0
122 179 -1 0
121 179 -1 0
120 179 -1 0
119 179 -1 0
118 179 -1 0
117 179 -1 0
116 179 -1 0
115 179 -1 0
114 179 -1 0
113 179 -1 0
112 179 -1 0
111 179 -1 0
110 179 -1 0
109 179 -1 0
108 179 -1 0
107 179 -1 0
106 179 -1 0
105 179 -1 0
104 179 -1 0
103 179 -1 0
102 179 -1 0
101 179 -1 0
100 179 -1 0
99 179 -1 0
98 179 -1 0
97 179 -1 0
96 179 -1 0
95 179 -1 0
94 179 -1 0
93 179 -1 0
92 179 -1 0
91 179 -1 0
90 179 -1 0
89 179 -1 0
88 179 -1 0
87 179 -1 0
86 179 -1 0
85 179 -1 0
84 179 -1 0
83 179 -1 0
82 179 -1 0
81 179 -1 0
80 179 -1 0
79 179 -1 0
78 179 -1 0
77 179 -1 0
356 178 -1 0
355 178 -1 0
354 178 -1 0
353 178 -1 0
352 178 -1 0
351 178 -1 0
350 178 -1 0
349 178 -1 0
348 178 -1 0
347 178 -1 0
346 178 -1 0
345 178 -1 0
344 178 -1 0
343 178 -1 0
342 178 -1 0
341 178 -1 0
340 178 -1 0
127 178 -1 0
126 178 -1 0
125 178 -1 0
124 178 -1 0
123 178 -1 0
122 178 -1 0
121 178 -1 0
120 178 -1 0
119 178 -1 0
118 178 -1 0
117 178 -1 0
116 178 -1 0
115 178 -1 0
114 178 -1 0
113 178 -1 0
112 178 -1 0
111 178 -1 0
110 178 -1 0
109 178 -1 0
108 178 -1 0
107 178 -1 0
106 178 -1 0
105 178 -1 0
104 178 -1 0
103 178 -1 0
102 178 -1 0
101 178 -1 0
100 178 -1 0
99 178 -1 0
98 178 -1 0
97 178 -1 0
96 178 -1 0
95 178 -1 0
94 178 -1 0
93 178 -1 0
92 178 -1 0
91 178 -1 0
90 178 -1 0
89 178 -1 0
88 178 -1 0
87 178 -1 0
86 178 -1 0
85 178 -1 0
84 178 -1 0
83 178 -1 0
82 178 -1 0
81 178 -1 0
80 178 -1 0
79 178 -1 0
78 178 -1 0
356 177 -1 0
355 177 -1 0
354 177 -1 0
353 177 -1 0
352 177 -1 0
351 177 -1 0
350 177 -1 0
349 177 -1 0
348 177 -1 0
347 177 -1 0
346 177 -1 0
345 177 -1 0
344 177 -1 0
343 177 -1 0
342 177 -1 0
341 177 -1 0
340 177 -1 0
127 177 -1 0
126 177 -1 0
125 177 -1 0
124 177 -1 0
123 177 -1 0
122 177 -1 0
121 177 -1 0
120 177 -1 0
119 177 -1 0
118 177 -1 0
117 177 -1 0
116 177 -1 0
115 177 -1 0
114 177 -1 0
113 177 -1 0
112 177 -1 0
111 177 -1 0
110 177 -1 0
109 177 -1 0
108 177 -1 0
107 177 -1 0
106 177 -1 0
105 177 -1 0
104 177 -1 0
103 177 -1 0
102 177 -1 0
101 177 -1 0
100 177 -1 0
99 177 -1 0
98 177 -1 0
97 177 -1 0
96 177 -1 0
95 177 -1 0
94 177 -1 0
93 177 -1 0
92 177 -1 0
91 177 -1 0
90 177 -1 0
89 177 -1 0
88 177 -1 0
87 177 -1 0
86 177 -1 0
85 177 -1 0
84 177 -1 0
83 177 -1 0
82 177 -1 0
81 177 -1 0
80 177 -1 0
79 177 -1 0
78 177 -1 0
356 176 -1 0
355 176 -1 0
354 176 -1 0
353 176 -1 0
352 176 -1 0
351 176 -1 0
350 176 -1 0
349 176 -1 0
348 176 -1 0
347 176 -1 0
346 176 -1 0
345 176 -1 0
344 176 -1 0
343 176 -1 0
342 176 -1 0
341 176 -1 0
340 176 -1 0
339 176 -1 0
338 176 -1 0
127 176 -1 0
126 176 -1 0
125 176 -1 0
124 176 -1 0
123 176 -1 0
122 176 -1 0
121 176 -1 0
120 176 -1 0
119 176 -1 0
118 176 -1 0
117 176 -1 0
116 176 -1 0
115 176 -1 0
114 176 -1 0
113 176 -1 0
112 176 -1 0
111 176 -1 0
110 176 -1 0
109 176 -1 0
108 176 -1 0
107 176 -1 0
106 176 -1 0
105 176 -1 0
104 176 -1 0
103 176 -1 0
102 176 -1 0
101 176 -1 0
100 176 -1 0
99 176 -1 0
98 176 -1 0
97 176 -1 0
96 176 -1 0
95 176 -1 0
94 176 -1 0
93 176 -1 0
92 176 -1 0
91 176 -1 0
90 176 -1 0
89 176 -1 0
88 176 -1 0
87 176 -1 0
86 176 -1 0
85 176 -1 0
84 176 -1 0
83 176 -1 0
82 176 -1 0
81 176 -1 0
80 176 -1 0
79 176 -1 0
78 176 -1 0
356 175 -1 0
355 175 -1 0
354 175 -1 0
353 175 -1 0
352 175 -1 0
351 175 -1 0
350 175 -1 0
349 175 -1 0
348 175 -1 0
347 175 -1 0
346 175 -1 0
345 175 -1 0
344 175 -1 0
343 175 -1 0
342 175 -1 0
341 175 -1 0
340 175 -1 0
339 175 -1 0
338 175 -1 0
337 175 -1 0
127 175 -1 0
126 175 -1 0
125 175 -1 0
124 175 -1 0
123 175 -1 0
122 175 -1 0
121 175 -1 0
120 175 -1 0
119 175 -1 0
118 175 -1 0
117 175 -1 0
116 175 -1 0
115 175 -1 0
114 175 -1 0
113 175 -1 0
112 175 -1 0
111 175 -1 0
110 175 -1 0
109 175 -1 0
108 175 -1 0
107 175 -1 0
106 175 -1 0
105 175 -1 0
104 175 -1 0
103 175 -1 0
102 175 -1 0
101 175 -1 0
100 175 -1 0
99 175 -1 0
98 175 -1 0
97 175 -1 0
96 175 -1 0
95 175 -1 0
94 175 -1 0
93 175 -1 0
92 175 -1 0
91 175 -1 0
90 175 -1 0
89 175 -1 0
88 175 -1 0
87 175 -1 0
86 175 -1 0
85 175 -1 0
84 175 -1 0
83 175 -1 0
82 175 -1 0
81 175 -1 0
80 175 -1 0
79 175 -1 0
78 175 -1 0
355 174 -1 0
354 174 -1 0
353 174 -1 0
352 174 -1 0
351 174 -1 0
350 174 -1 0
349 174 -1 0
348 174 -1 0
347 174 -1 0
346 174 -1 0
345 174 -1 0
344 174 -1 0
343 174 -1 0
342 174 -1 0
341 174 -1 0
340 174 -1 0
339 174 -1 0
338 174 -1 0
337 174 -1 0
127 174 -1 0
126 174 -1 0
125 174 -1 0
124 174 -1 0
123 174 -1 0
122 174 -1 0
121 174 -1 0
120 174 -1 0
119 174 -1 0
118 174 -1 0
117 174 -1 0
116 174 -1 0
115 174 -1 0
114 174 -1 0
113 174 -1 0
112 174 -1 0
111 174 -1 0
110 174 -1 0
109 174 -1 0
108 174 -1 0
107 174 -1 0
106 174 -1 0
105 174 -1 0
104 174 -1 0
103 174 -1 0
102 174 -1 0
101 174 -1 0
100 174 -1 0
99 174 -1 0
98 174 -1 0
97 174 -1 0
96 174 -1 0
95 174 -1 0
94 174 -1 0
93 174 -1 0
92 174 -1 0
91 174 -1 0
90 174 -1 0
89 174 -1 0
88 174 -1 0
87 174 -1 0
86 174 -1 0
85 174 -1 0
84 174 -1 0
83 174 -1 0
82 174 -1 0
81 174 -1 0
80 174 -1 0
79 174 -1 0
355 173 -1 0
354 173 -1 0
353 173 -1 0
352 173 -1 0
351 173 -1 0
350 173 -1 0
349 173 -1 0
348 173 -1 0
347 173 -1 0
346 173 -1 0
345 173 -1 0
344 173 -1 0
343 173 -1 0
342 173 -1 0
341 173 -1 0
340 173 -1 0
339 173 -1 0
338 173 -1 0
337 173 -1 0
126 173 -1 0
125 173 -1 0
124 173 -1 0
123 173 -1 0
122 173 -1 0
121 173 -1 0
120 173 -1 0
119 173 -1 0
118 173 -1 0
117 173 -1 0
116 173 -1 0
115 173 -1 0
114 173 -1 0
113 173 -1 0
112 173 -1 0
111 173 -1 0
110 173 -1 0
109 173 -1 0
108 173 -1 0
107 173 -1 0
106 173 -1 0
105 173 -1 0
104 173 -1 0
103 173 -1 0
102 173 -1 0
101 173 -1 0
100 173 -1 0
99 173 -1 0
98 173 -1 0
97 173 -1 0
96 173 -1 0
95 173 -1 0
94 173 -1 0
93 173 -1 0
92 173 -1 0
91 173 -1 0
90 173 -1 0
89 173 -1 0
88 173 -1 0
87 173 -1 0
86 173 -1 0
85 173 -1 0
84 173 -1 0
83 173 -1 0
82 173 -1 0
81 173 -1 0
80 173 -1 0
79 173 -1 0
355 172 -1 0
354 172 -1 0
353 172 -1 0
352 172 -1 0
351 172 -1 0
350 172 -1 0
349 172 -1 0
348 172 -1 0
347 172 -1 0
346 172 -1 0
345 172 -1 0
344 172 -1 0
343 172 -1 0
342 172 -1 0
341 172 -1 0
340 172 -1 0
339 172 -1 0
338 172 -1 0
337 172 -1 0
336 172 -1 0
126 172 -1 0
125 172 -1 0
124 172 -1 0
123 172 -1 0
122 172 -1 0
121 172 -1 0
120 172 -1 0
119 172 -1 0
118 172 -1 0
117 172 -1 0
116 172 -1 0
115 172 -1 0
114 172 -1 0
113 172 -1 0
112 172 -1 0
111 172 -1 0
110 172 -1 0
109 172 -1 0
108 172 -1 0
107 172 -1 0
106 172 -1 0
105 172 -1 0
104 172 -1 0
103 172 -1 0
102 172 -1 0
101 172 -1 0
100 172 -1 0
99 172 -1 0
98 172 -1 0
97 172 -1 0
96 172 -1 0
95 172 -1 0
94 172 -1 0
93 172 -1 0
92 172 -1 0
91 172 -1 0
90 172 -1 0
89 172 -1 0
88 172 -1 0
87 172 -1 0
86 172 -1 0
85 172 -1 0
84 172 -1 0
83 172 -1 0
82 172 -1 0
81 172 -1 0
80 172 -1 0
79 172 -1 0
354 171 -1 0
353 171 -1 0
352 171 -1 0
351 171 -1 0
350 171 -1 0
349 171 -1 0
348 171 -1 0
347 171 -1 0
346 171 -1 0
345 171 -1 0
344 171 -1 0
343 171 -1 0
342 171 -1 0
341 171 -1 0
340 171 -1 0
339 171 -1 0
338 171 -1 0
337 171 -1 0
336 171 -1 0
126 171 -1 0
125 171 -1 0
124 171 -1 0
123 171 -1 0
122 171 -1 0
121 171 -1 0
120 171 -1 0
119 171 -1 0
118 171 -1 0
117 171 -1 0
116 171 -1 0
115 171 -1 0
114 171 -1 0
113 171 -1 0
112 171 -1 0
111 171 -1 0
110 171 -1 0
109 171 -1 0
108 171 -1 0
107 171 -1 0
106 171 -1 0
105 171 -1 0
104 171 -1 0
103 171 -1 0
102 171 -1 0
101 171 -1 0
100 171 -1 0
99 171 -1 0
98 171 -1 0
97 171 -1 0
96 171 -1 0
95 171 -1 0
94 171 -1 0
93 171 -1 0
92 171 -1 0
91 171 -1 0
90 171 -1 0
89 171 -1 0
88 171 -1 0
87 171 -1 0
86 171 -1 0
85 171 -1 0
84 171 -1 0
83 171 -1 0
82 171 -1 0
81 171 -1 0
80 171 -1 0
351 170 -1 0
349 170 -1 0
348 170 -1 0
347 170 -1 0
346 170 -1 0
345 170 -1 0
344 170 -1 0
343 170 -1 0
342 170 -1 0
341 170 -1 0
340 170 -1 0
339 170 -1 0
338 170 -1 0
337 170 -1 0
336 170 -1 0
125 170 -1 0
124 170 -1 0
123 170 -1 0
122 170 -1 0
121 170 -1 0
120 170 -1 0
119 170 -1 0
118 170 -1 0
117 170 -1 0
116 170 -1 0
115 170 -1 0
114 170 -1 0
113 170 -1 0
112 170 -1 0
111 170 -1 0
110 170 -1 0
109 170 -1 0
108 170 -1 0
107 170 -1 0
106 170 -1 0
105 170 -1 0
104 170 -1 0
103 170 -1 0
102 170 -1 0
101 170 -1 0
100 170 -1 0
99 170 -1 0
98 170 -1 0
97 170 -1 0
96 170 -1 0
95 170 -1 0
94 170 -1 0
93 170 -1 0
92 170 -1 0
91 170 -1 0
90 170 -1 0
89 170 -1 0
88 170 -1 0
87 170 -1 0
86 170 -1 0
85 170 -1 0
84 170 -1 0
83 170 -1 0
82 170 -1 0
81 170 -1 0
80 170 -1 0
348 169 -1 0
347 169 -1 0
346 169 -1 0
345 169 -1 0
344 169 -1 0
343 169 -1 0
342 169 -1 0
341 169 -1 0
340 169 -1 0
339 169 -1 0
338 169 -1 0
337 169 -1 0
336 169 -1 0
122 169 -1 0
121 169 -1 0
120 169 -1 0
119 169 -1 0
118 169 -1 0
117 169 -1 0
116 169 -1 0
115 169 -1 0
114 169 -1 0
113 169 -1 0
112 169 -1 0
111 169 -1 0
110 169 -1 0
109 169 -1 0
108 169 -1 0
107 169 -1 0
106 169 -1 0
105 169 -1 0
104 169 -1 0
103 169 -1 0
102 169 -1 0
101 169 -1 0
100 169 -1 0
99 169 -1 0
98 169 -1 0
97 169 -1 0
96 169 -1 0
95 169 -1 0
94 169 -1 0
93 169 -1 0
92 169 -1 0
91 169 -1 0
90 169 -1 0
89 169 -1 0
88 169 -1 0
87 169 -1 0
86 169 -1 0
85 169 -1 0
84 169 -1 0
83 169 -1 0
82 169 -1 0
81 169 -1 0
349 168 -1 0
348 168 -1 0
347 168 -1 0
346 168 -1 0
345 168 -1 0
344 168 -1 0
343 168 -1 0
342 168 -1 0
341 168 -1 0
340 168 -1 0
339 168 -1 0
338 168 -1 0
337 168 -1 0
336 168 -1 0
119 168 -1 0
118 168 -1 0
117 168 -1 0
116 168 -1 0
115 168 -1 0
114 168 -1 0
113 168 -1 0
112 168 -1 0
111 168 -1 0
110 168 -1 0
109 168 -1 0
108 168 -1 0
107 168 -1 0
106 168 -1 0
105 168 -1 0
104 168 -1 0
103 168 -1 0
102 168 -1 0
101 168 -1 0
100 168 -1 0
99 168 -1 0
98 168 -1 0
97 168 -1 0
96 168 -1 0
95 168 -1 0
94 168 -1 0
93 168 -1 0
92 168 -1 0
91 168 -1 0
90 168 -1 0
89 168 -1 0
88 168 -1 0
87 168 -1 0
86 168 -1 0
85 168 -1 0
84 168 -1 0
83 168 -1 0
82 168 -1 0
81 168 -1 0
348 167 -1 0
347 167 -1 0
346 167 -1 0
345 167 -1 0
344 167 -1 0
343 167 -1 0
342 167 -1 0
341 167 -1 0
340 167 -1 0
339 167 -1 0
338 167 -1 0
337 167 -1 0
336 167 -1 0
116 167 -1 0
115 167 -1 0
114 167 -1 0
113 167 -1 0
112 167 -1 0
111 167 -1 0
110 167 -1 0
109 167 -1 0
108 167 -1 0
107 167 -1 0
106 167 -1 0
105 167 -1 0
104 167 -1 0
103 167 -1 0
102 167 -1 0
101 167 -1 0
100 167 -1 0
99 167 -1 0
98 167 -1 0
97 167 -1 0
96 167 -1 0
95 167 -1 0
94 167 -1 0
93 167 -1 0
92 167 -1 0
91 167 -1 0
90 167 -1 0
89 167 -1 0
88 167 -1 0
87 167 -1 0
86 167 -1 0
85 167 -1 0
84 167 -1 0
83 167 -1 0
82 167 -1 0
348 166 -1 0
347 166 -1 0
346 166 -1 0
345 166 -1 0
344 166 -1 0
343 166 -1 0
342 166 -1 0
341 166 -1 0
340 166 -1 0
339 166 -1 0
338 166 -1 0
337 166 -1 0
336 166 -1 0
116 166 -1 0
115 166 -1 0
114 166 -1 0
113 166 -1 0
112 166 -1 0
111 166 -1 0
110 166 -1 0
109 166 -1 0
108 166 -1 0
107 166 -1 0
106 166 -1 0
105 166 -1 0
104 166 -1 0
103 166 -1 0
102 166 -1 0
101 166 -1 0
100 166 -1 0
99 166 -1 0
98 166 -1 0
97 166 -1 0
96 166 -1 0
95 166 -1 0
94 166 -1 0
93 166 -1 0
92 166 -1 0
91 166 -1 0
90 166 -1 0
89 166 -1 0
88 166 -1 0
87 166 -1 0
86 166 -1 0
85 166 -1 0
84 166 -1 0
83 166 -1 0
348 165 -1 0
347 165 -1 0
346 165 -1 0
345 165 -1 0
344 165 -1 0
343 165 -1 0
342 165 -1 0
341 165 -1 0
340 165 -1 0
339 165 -1 0
338 165 -1 0
337 165 -1 0
336 165 -1 0
116 165 -1 0
115 165 -1 0
114 165 -1 0
113 165 -1 0
112 165 -1 0
111 165 -1 0
110 165 -1 0
109 165 -1 0
108 165 -1 0
107 165 -1 0
106 165 -1 0
105 165 -1 0
104 165 -1 0
103 165 -1 0
102 165 -1 0
101 165 -1 0
100 165 -1 0
99 165 -1 0
98 165 -1 0
97 165 -1 0
96 165 -1 0
95 165 -1 0
94 165 -1 0
93 165 -1 0
92 165 -1 0
91 165 -1 0
90 165 -1 0
89 165 -1 0
88 165 -1 0
87 165 -1 0
86 165 -1 0
85 165 -1 0
84 165 -1 0
83 165 -1 0
347 164 -1 0
346 164 -1 0
345 164 -1 0
344 164 -1 0
343 164 -1 0
342 164 -1 0
341 164 -1 0
340 164 -1 0
339 164 -1 0
338 164 -1 0
337 164 -1 0
336 164 -1 0
116 164 -1 0
115 164 -1 0
114 164 -1 0
113 164 -1 0
112 164 -1 0
111 164 -1 0
110 164 -1 0
109 164 -1 0
108 164 -1 0
107 164 -1 0
106 164 -1 0
105 164 -1 0
104 164 -1 0
103 164 -1 0
102 164 -1 0
101 164 -1 0
100 164 -1 0
99 164 -1 0
98 164 -1 0
97 164 -1 0
96 164 -1 0
95 164 -1 0
94 164 -1 0
93 164 -1 0
92 164 -1 0
91 164 -1 0
90 164 -1 0
89 164 -1 0
88 164 -1 0
87 164 -1 0
86 164 -1 0
85 164 -1 0
84 164 -1 0
83 164 -1 0
347 163 -1 0
346 163 -1 0
345 163 -1 0
344 163 -1 0
343 163 -1 0
342 163 -1 0
341 163 -1 0
340 163 -1 0
339 163 -1 0
338 163 -1 0
337 163 -1 0
336 163 -1 0
116 163 -1 0
115 163 -1 0
114 163 -1 0
113 163 -1 0
112 163 -1 0
111 163 -1 0
110 163 -1 0
109 163 -1 0
108 163 -1 0
107 163 -1 0
106 163 -1 0
105 163 -1 0
104 163 -1 0
103 163 -1 0
102 163 -1 0
101 163 -1 0
100 163 -1 0
99 163 -1 0
98 163 -1 0
97 163 -1 0
96 163 -1 0
95 163 -1 0
94 163 -1 0
93 163 -1 0
92 163 -1 0
91 163 -1 0
90 163 -1 0
89 163 -1 0
88 163 -1 0
87 163 -1 0
86 163 -1 0
85 163 -1 0
84 163 -1 0
346 162 -1 0
345 162 -1 0
344 162 -1 0
343 162 -1 0
342 162 -1 0
341 162 -1 0
340 162 -1 0
339 162 -1 0
338 162 -1 0
337 162 -1 0
336 162 -1 0
116 162 -1 0
115 162 -1 0
114 162 -1 0
113 162 -1 0
112 162 -1 0
111 162 -1 0
110 162 -1 0
109 162 -1 0
108 162 -1 0
107 162 -1 0
106 162 -1 0
105 162 -1 0
104 162 -1 0
103 162 -1 0
102 162 -1 0
101 162 -1 0
100 162 -1 0
99 162 -1 0
98 162 -1 0
97 162 -1 0
96 162 -1 0
95 162 -1 0
94 162 -1 0
93 162 -1 0
92 162 -1 0
91 162 -1 0
90 162 -1 0
89 162 -1 0
88 162 -1 0
87 162 -1 0
86 162 -1 0
85 162 -1 0
346 161 -1 0
345 161 -1 0
344 161 -1 0
343 161 -1 0
342 161 -1 0
341 161 -1 0
340 161 -1 0
339 161 -1 0
338 161 -1 0
337 161 -1 0
336 161 -1 0
116 161 -1 0
115 161 -1 0
114 161 -1 0
113 161 -1 0
112 161 -1 0
111 161 -1 0
110 161 -1 0
109 161 -1 0
108 161 -1 0
107 161 -1 0
106 161 -1 0
105 161 -1 0
104 161 -1 0
103 161 -1 0
102 161 -1 0
101 161 -1 0
100 161 -1 0
99 161 -1 0
98 161 -1 0
97 161 -1 0
96 161 -1 0
95 161 -1 0
94 161 -1 0
93 161 -1 0
92 161 -1 0
91 161 -1 0
90 161 -1 0
89 161 -1 0
88 161 -1 0
87 161 -1 0
86 161 -1 0
85 161 -1 0
346 160 -1 0
345 160 -1 0
344 160 -1 0
343 160 -1 0
342 160 -1 0
341 160 -1 0
340 160 -1 0
339 160 -1 0
338 160 -1 0
337 160 -1 0
116 160 -1 0
115 160 -1 0
114 160 -1 0
113 160 -1 0
112 160 -1 0
111 160 -1 0
110 160 -1 0
109 160 -1 0
108 160 -1 0
107 160 -1 0
106 160 -1 0
105 160 -1 0
104 160 -1 0
103 160 -1 0
102 160 -1 0
101 160 -1 0
100 160 -1 0
99 160 -1 0
98 160 -1 0
97 160 -1 0
96 160 -1 0
95 160 -1 0
94 160 -1 0
93 160 -1 0
92 160 -1 0
91 160 -1 0
90 160 -1 0
89 160 -1 0
88 160 -1 0
87 160 -1 0
86 160 -1 0
346 159 -1 0
345 159 -1 0
344 159 -1 0
343 159 -1 0
342 159 -1 0
341 159 -1 0
340 159 -1 0
339 159 -1 0
338 159 -1 0
337 159 -1 0
336 159 -1 0
115 159 -1 0
114 159 -1 0
113 159 -1 0
112 159 -1 0
111 159 -1 0
110 159 -1 0
109 159 -1 0
108 159 -1 0
107 159 -1 0
106 159 -1 0
105 159 -1 0
104 159 -1 0
103 159 -1 0
102 159 -1 0
101 159 -1 0
100 159 -1 0
99 159 -1 0
98 159 -1 0
97 159 -1 0
96 159 -1 0
95 159 -1 0
94 159 -1 0
93 159 -1 0
92 159 -1 0
91 159 -1 0
90 159 -1 0
89 159 -1 0
88 159 -1 0
347 158 -1 0
346 158 -1 0
345 158 -1 0
344 158 -1 0
343 158 -1 0
342 158 -1 0
341 158 -1 0
340 158 -1 0
339 158 -1 0
338 158 -1 0
337 158 -1 0
336 158 -1 0
115 158 -1 0
114 158 -1 0
113 158 -1 0
112 158 -1 0
111 158 -1 0
110 158 -1 0
109 158 -1 0
108 158 -1 0
107 158 -1 0
106 158 -1 0
105 158 -1 0
104 158 -1 0
103 158 -1 0
102 158 -1 0
101 158 -1 0
100 158 -1 0
99 158 -1 0
98 158 -1 0
97 158 -1 0
96 158 -1 0
95 158 -1 0
94 158 -1 0
93 158 -1 0
92 158 -1 0
91 158 -1 0
90 158 -1 0
347 157 -1 0
346 157 -1 0
345 157 -1 0
344 157 -1 0
343 157 -1 0
342 157 -1 0
341 157 -1 0
340 157 -1 0
339 157 -1 0
338 157 -1 0
337 157 -1 0
115 157 -1 0
114 157 -1 0
113 157 -1 0
112 157 -1 0
111 157 -1 0
110 157 -1 0
109 157 -1 0
108 157 -1 0
107 157 -1 0
106 157 -1 0
105 157 -1 0
104 157 -1 0
103 157 -1 0
102 157 -1 0
101 157 -1 0
100 157 -1 0
99 157 -1 0
98 157 -1 0
97 157 -1 0
96 157 -1 0
95 157 -1 0
94 157 -1 0
93 157 -1 0
92 157 -1 0
91 157 -1 0
90 157 -1 0
347 156 -1 0
346 156 -1 0
345 156 -1 0
344 156 -1 0
343 156 -1 0
342 156 -1 0
341 156 -1 0
340 156 -1 0
339 156 -1 0
338 156 -1 0
337 156 -1 0
116 156 -1 0
115 156 -1 0
114 156 -1 0
113 156 -1 0
112 156 -1 0
111 156 -1 0
110 156 -1 0
109 156 -1 0
108 156 -1 0
107 156 -1 0
106 156 -1 0
105 156 -1 0
104 156 -1 0
103 156 -1 0
102 156 -1 0
101 156 -1 0
100 156 -1 0
99 156 -1 0
98 156 -1 0
97 156 -1 0
96 156 -1 0
95 156 -1 0
94 156 -1 0
93 156 -1 0
92 156 -1 0
91 156 -1 0
346 155 -1 0
345 155 -1 0
344 155 -1 0
343 155 -1 0
342 155 -1 0
341 155 -1 0
340 155 -1 0
339 155 -1 0
338 155 -1 0
337 155 -1 0
117 155 -1 0
116 155 -1 0
115 155 -1 0
114 155 -1 0
113 155 -1 0
112 155 -1 0
111 155 -1 0
110 155 -1 0
109 155 -1 0
108 155 -1 0
107 155 -1 0
106 155 -1 0
105 155 -1 0
104 155 -1 0
103 155 -1 0
102 155 -1 0
101 155 -1 0
100 155 -1 0
99 155 -1 0
98 155 -1 0
97 155 -1 0
96 155 -1 0
95 155 -1 0
94 155 -1 0
93 155 -1 0
92 155 -1 0
346 154 -1 0
345 154 -1 0
344 154 -1 0
343 154 -1 0
342 154 -1 0
341 154 -1 0
340 154 -1 0
339 154 -1 0
338 154 -1 0
118 154 -1 0
117 154 -1 0
116 154 -1 0
115 154 -1 0
114 154 -1 0
113 154 -1 0
112 154 -1 0
111 154 -1 0
110 154 -1 0
109 154 -1 0
108 154 -1 0
107 154 -1 0
106 154 -1 0
105 154 -1 0
104 154 -1 0
103 154 -1 0
102 154 -1 0
101 154 -1 0
100 154 -1 0
99 154 -1 0
98 154 -1 0
97 154 -1 0
96 154 -1 0
95 154 -1 0
94 154 -1 0
93 154 -1 0
346 153 -1 0
345 153 -1 0
344 153 -1 0
343 153 -1 0
342 153 -1 0
341 153 -1 0
340 153 -1 0
339 153 -1 0
338 153 -1 0
118 153 -1 0
117 153 -1 0
116 153 -1 0
115 153 -1 0
114 153 -1 0
113 153 -1 0
112 153 -1 0
111 153 -1 0
110 153 -1 0
109 153 -1 0
108 153 -1 0
107 153 -1 0
106 153 -1 0
105 153 -1 0
104 153 -1 0
103 153 -1 0
102 153 -1 0
101 153 -1 0
100 153 -1 0
99 153 -1 0
98 153 -1 0
97 153 -1 0
96 153 -1 0
95 153 -1 0
345 152 -1 0
344 152 -1 0
343 152 -1 0
342 152 -1 0
341 152 -1 0
340 152 -1 0
339 152 -1 0
119 152 -1 0
118 152 -1 0
117 152 -1 0
116 152 -1 0
115 152 -1 0
114 152 -1 0
113 152 -1 0
112 152 -1 0
111 152 -1 0
110 152 -1 0
109 152 -1 0
108 152 -1 0
107 152 -1 0
106 152 -1 0
105 152 -1 0
104 152 -1 0
103 152 -1 0
102 152 -1 0
101 152 -1 0
100 152 -1 0
99 152 -1 0
98 152 -1 0
97 152 -1 0
96 152 -1 0
342 151 -1 0
120 151 -1 0
119 151 -1 0
118 151 -1 0
117 151 -1 0
116 151 -1 0
115 151 -1 0
114 151 -1 0
113 151 -1 0
112 151 -1 0
111 151 -1 0
110 151 -1 0
109 151 -1 0
108 151 -1 0
107 151 -1 0
106 151 -1 0
105 151 -1 0
104 151 -1 0
103 151 -1 0
102 151 -1 0
101 151 -1 0
100 151 -1 0
99 151 -1 0
98 151 -1 0
97 151 -1 0
122 150 -1 0
121 150 -1 0
120 150 -1 0
119 150 -1 0
118 150 -1 0
117 150 -1 0
116 150 -1 0
115 150 -1 0
114 150 -1 0
113 150 -1 0
112 150 -1 0
111 150 -1 0
110 150 -1 0
109 150 -1 0
108 150 -1 0
107 150 -1 0
106 150 -1 0
105 150 -1 0
104 150 -1 0
103 150 -1 0
102 150 -1 0
101 150 -1 0
100 150 -1 0
99 150 -1 0
98 150 -1 0
97 150 -1 0
124 149 -1 0
123 149 -1 0
122 149 -1 0
121 149 -1 0
120 149 -1 0
119 149 -1 0
118 149 -1 0
117 149 -1 0
116 149 -1 0
115 149 -1 0
114 149 -1 0
113 149 -1 0
112 149 -1 0
111 149 -1 0
110 149 -1 0
109 149 -1 0
108 149 -1 0
107 149 -1 0
106 149 -1 0
105 149 -1 0
104 149 -1 0
103 149 -1 0
102 149 -1 0
101 149 -1 0
100 149 -1 0
99 149 -1 0
98 149 -1 0
126 148 -1 0
125 148 -1 0
124 148 -1 0
123 148 -1 0
122 148 -1 0
121 148 -1 0
120 148 -1 0
119 148 -1 0
118 148 -1 0
117 148 -1 0
116 148 -1 0
115 148 -1 0
114 148 -1 0
113 148 -1 0
112 148 -1 0
111 148 -1 0
110 148 -1 0
109 148 -1 0
108 148 -1 0
107 148 -1 0
106 148 -1 0
105 148 -1 0
104 148 -1 0
103 148 -1 0
102 148 -1 0
101 148 -1 0
100 148 -1 0
128 147 -1 0
127 147 -1 0
126 147 -1 0
125 147 -1 0
124 147 -1 0
123 147 -1 0
122 147 -1 0
121 147 -1 0
120 147 -1 0
119 147 -1 0
118 147 -1 0
117 147 -1 0
116 147 -1 0
115 147 -1 0
114 147 -1 0
113 147 -1 0
112 147 -1 0
111 147 -1 0
110 147 -1 0
109 147 -1 0
108 147 -1 0
107 147 -1 0
106 147 -1 0
105 147 -1 0
104 147 -1 0
103 147 -1 0
102 147 -1 0
101 147 -1 0
131 146 -1 0
130 146 -1 0
129 146 -1 0
128 146 -1 0
127 146 -1 0
126 146 -1 0
125 146 -1 0
124 146 -1 0
123 146 -1 0
122 146 -1 0
121 146 -1 0
120 146 -1 0
119 146 -1 0
118 146 -1 0
117 146 -1 0
116 146 -1 0
115 146 -1 0
114 146 -1 0
113 146 -1 0
112 146 -1 0
111 146 -1 0
110 146 -1 0
109 146 -1 0
108 146 -1 0
107 146 -1 0
106 146 -1 0
105 146 -1 0
104 146 -1 0
103 146 -1 0
102 146 -1 0
133 145 -1 0
132 145 -1 0
131 145 -1 0
130 145 -1 0
129 145 -1 0
128 145 -1 0
127 145 -1 0
126 145 -1 0
125 145 -1 0
124 145 -1 0
123 145 -1 0
122 145 -1 0
121 145 -1 0
120 145 -1 0
119 145 -1 0
118 145 -1 0
117 145 -1 0
116 145 -1 0
115 145 -1 0
114 145 -1 0
113 145 -1 0
112 145 -1 0
111 145 -1 0
110 145 -1 0
109 145 -1 0
108 145 -1 0
107 145 -1 0
106 145 -1 0
105 145 -1 0
136 144 -1 0
135 144 -1 0
134 144 -1 0
133 144 -1 0
132 144 -1 0
131 144 -1 0
130 144 -1 0
129 144 -1 0
128 144 -1 0
127 144 -1 0
126 144 -1 0
125 144 -1 0
124 144 -1 0
123 144 -1 0
122 144 -1 0
121 144 -1 0
120 144 -1 0
119 144 -1 0
118 144 -1 0
117 144 -1 0
116 144 -1 0
115 144 -1 0
114 144 -1 0
113 144 -1 0
112 144 -1 0
111 144 -1 0
110 144 -1 0
109 144 -1 0
108 144 -1 0
107 144 -1 0
106 144 -1 0
137 143 -1 0
136 143 -1 0
135 143 -1 0
134 143 -1 0
133 143 -1 0
132 143 -1 0
131 143 -1 0
130 143 -1 0
129 143 -1 0
128 143 -1 0
127 143 -1 0
126 143 -1 0
125 143 -1 0
124 143 -1 0
123 143 -1 0
122 143 -1 0
121 143 -1 0
120 143 -1 0
119 143 -1 0
118 143 -1 0
117 143 -1 0
116 143 -1 0
115 143 -1 0
114 143 -1 0
113 143 -1 0
112 143 -1 0
111 143 -1 0
110 143 -1 0
109 143 -1 0
108 143 -1 0
139 142 -1 0
138 142 -1 0
137 142 -1 0
136 142 -1 0
135 142 -1 0
134 142 -1 0
133 142 -1 0
132 142 -1 0
131 142 -1 0
130 142 -1 0
129 142 -1 0
128 142 -1 0
127 142 -1 0
126 142 -1 0
125 142 -1 0
124 142 -1 0
123 142 -1 0
122 142 -1 0
121 142 -1 0
120 142 -1 0
119 142 -1 0
118 142 -1 0
117 142 -1 0
116 142 -1 0
115 142 -1 0
114 142 -1 0
113 142 -1 0
112 142 -1 0
111 142 -1 0
110 142 -1 0
109 142 -1 0
140 141 -1 0
139 141 -1 0
138 141 -1 0
137 141 -1 0
136 141 -1 0
135 141 -1 0
134 141 -1 0
133 141 -1 0
132 141 -1 0
131 141 -1 0
130 141 -1 0
129 141 -1 0
128 141 -1 0
127 141 -1 0
126 141 -1 0
125 141 -1 0
124 141 -1 0
123 141 -1 0
122 141 -1 0
121 141 -1 0
120 141 -1 0
119 141 -1 0
118 141 -1 0
117 141 -1 0
116 141 -1 0
115 141 -1 0
114 141 -1 0
113 141 -1 0
112 141 -1 0
111 141 -1 0
142 140 -1 0
141 140 -1 0
140 140 -1 0
139 140 -1 0
138 140 -1 0
137 140 -1 0
136 140 -1 0
135 140 -1 0
134 140 -1 0
133 140 -1 0
132 140 -1 0
131 140 -1 0
130 140 -1 0
129 140 -1 0
128 140 -1 0
127 140 -1 0
126 140 -1 0
125 140 -1 0
124 140 -1 0
123 140 -1 0
122 140 -1 0
121 140 -1 0
120 140 -1 0
119 140 -1 0
118 140 -1 0
117 140 -1 0
116 140 -1 0
115 140 -1 0
114 140 -1 0
113 140 -1 0
152 139 -1 0
143 139 -1 0
142 139 -1 0
141 139 -1 0
140 139 -1 0
139 139 -1 0
138 139 -1 0
137 139 -1 0
136 139 -1 0
135 139 -1 0
134 139 -1 0
133 139 -1 0
132 139 -1 0
131 139 -1 0
130 139 -1 0
129 139 -1 0
128 139 -1 0
127 139 -1 0
126 139 -1 0
125 139 -1 0
124 139 -1 0
123 139 -1 0
122 139 -1 0
121 139 -1 0
120 139 -1 0
119 139 -1 0
118 139 -1 0
117 139 -1 0
116 139 -1 0
155 138 -1 0
154 138 -1 0
153 138 -1 0
152 138 -1 0
151 138 -1 0
150 138 -1 0
149 138 -1 0
146 138 -1 0
145 138 -1 0
144 138 -1 0
143 138 -1 0
142 138 -1 0
141 138 -1 0
140 138 -1 0
139 138 -1 0
138 138 -1 0
137 138 -1 0
136 138 -1 0
135 138 -1 0
134 138 -1 0
133 138 -1 0
132 138 -1 0
131 138 -1 0
130 138 -1 0
129 138 -1 0
128 138 -1 0
127 138 -1 0
126 138 -1 0
125 138 -1 0
124 138 -1 0
123 138 -1 0
122 138 -1 0
121 138 -1 0
120 138 -1 0
119 138 -1 0
118 138 -1 0
157 137 -1 0
156 137 -1 0
155 137 -1 0
154 137 -1 0
153 137 -1 0
152 137 -1 0
151 137 -1 0
150 137 -1 0
149 137 -1 0
148 137 -1 0
147 137 -1 0
146 137 -1 0
145 137 -1 0
144 137 -1 0
143 137 -1 0
142 137 -1 0
141 137 -1 0
140 137 -1 0
139 137 -1 0
138 137 -1 0
137 137 -1 0
136 137 -1 0
135 137 -1 0
134 137 -1 0
133 137 -1 0
132 137 -1 0
131 137 -1 0
130 137 -1 0
129 137 -1 0
128 137 -1 0
127 137 -1 0
126 137 -1 0
125 137 -1 0
124 137 -1 0
123 137 -1 0
122 137 -1 0
121 137 -1 0
160 136 -1 0
159 136 -1 0
158 136 -1 0
157 136 -1 0
156 136 -1 0
155 136 -1 0
154 136 -1 0
153 136 -1 0
152 136 -1 0
151 136 -1 0
150 136 -1 0
149 136 -1 0
148 136 -1 0
147 136 -1 0
146 136 -1 0
145 136 -1 0
144 136 -1 0
143 136 -1 0
142 136 -1 0
141 136 -1 0
140 136 -1 0
139 136 -1 0
138 136 -1 0
137 136 -1 0
136 136 -1 0
135 136 -1 0
134 136 -1 0
133 136 -1 0
132 136 -1 0
131 136 -1 0
130 136 -1 0
129 136 -1 0
128 136 -1 0
127 136 -1 0
126 136 -1 0
125 136 -1 0
124 136 -1 0
123 136 -1 0
162 135 -1 0
161 135 -1 0
160 135 -1 0
159 135 -1 0
158 135 -1 0
157 135 -1 0
156 135 -1 0
155 135 -1 0
154 135 -1 0
153 135 -1 0
152 135 -1 0
151 135 -1 0
150 135 -1 0
149 135 -1 0
148 135 -1 0
147 135 -1 0
146 135 -1 0
145 135 -1 0
144 135 -1 0
143 135 -1 0
142 135 -1 0
141 135 -1 0
140 135 -1 0
139 135 -1 0
138 135 -1 0
137 135 -1 0
136 135 -1 0
135 135 -1 0
134 135 -1 0
133 135 -1 0
132 135 -1 0
131 135 -1 0
130 135 -1 0
129 135 -1 0
128 135 -1 0
127 135 -1 0
126 135 -1 0
125 135 -1 0
124 135 -1 0
164 134 -1 0
163 134 -1 0
162 134 -1 0
161 134 -1 0
160 134 -1 0
159 134 -1 0
158 134 -1 0
157 134 -1 0
156 134 -1 0
155 134 -1 0
154 134 -1 0
153 134 -1 0
152 134 -1 0
151 134 -1 0
150 134 -1 0
149 134 -1 0
148 134 -1 0
147 134 -1 0
146 134 -1 0
145 134 -1 0
144 134 -1 0
143 134 -1 0
142 134 -1 0
141 134 -1 0
140 134 -1 0
139 134 -1 0
138 134 -1 0
137 134 -1 0
136 134 -1 0
135 134 -1 0
134 134 -1 0
133 134 -1 0
132 134 -1 0
131 134 -1 0
130 134 -1 0
129 134 -1 0
128 134 -1 0
127 134 -1 0
126 134 -1 0
165 133 -1 0
164 133 -1 0
163 133 -1 0
162 133 -1 0
161 133 -1 0
160 133 -1 0
159 133 -1 0
158 133 -1 0
157 133 -1 0
156 133 -1 0
155 133 -1 0
154 133 -1 0
153 133 -1 0
152 133 -1 0
151 133 -1 0
150 133 -1 0
149 133 -1 0
148 133 -1 0
147 133 -1 0
146 133 -1 0
145 133 -1 0
144 133 -1 0
143 133 -1 0
142 133 -1 0
141 133 -1 0
140 133 -1 0
139 133 -1 0
138 133 -1 0
137 133 -1 0
136 133 -1 0
135 133 -1 0
134 133 -1 0
133 133 -1 0
132 133 -1 0
131 133 -1 0
130 133 -1 0
129 133 -1 0
128 133 -1 0
165 132 -1 0
164 132 -1 0
163 132 -1 0
162 132 -1 0
161 132 -1 0
160 132 -1 0
159 132 -1 0
158 132 -1 0
157 132 -1 0
156 132 -1 0
155 132 -1 0
154 132 -1 0
153 132 -1 0
152 132 -1 0
151 132 -1 0
150 132 -1 0
149 132 -1 0
148 132 -1 0
147 132 -1 0
146 132 -1 0
145 132 -1 0
144 132 -1 0
143 132 -1 0
142 132 -1 0
141 132 -1 0
140 132 -1 0
139 132 -1 0
138 132 -1 0
137 132 -1 0
136 132 -1 0
135 132 -1 0
134 132 -1 0
133 132 -1 0
132 132 -1 0
131 132 -1 0
167 131 -1 0
166 131 -1 0
165 131 -1 0
164 131 -1 0
163 131 -1 0
162 131 -1 0
161 131 -1 0
160 131 -1 0
159 131 -1 0
158 131 -1 0
157 131 -1 0
156 131 -1 0
155 131 -1 0
154 131 -1 0
153 131 -1 0
152 131 -1 0
151 131 -1 0
150 131 -1 0
149 131 -1 0
148 131 -1 0
147 131 -1 0
146 131 -1 0
145 131 -1 0
144 131 -1 0
143 131 -1 0
142 131 -1 0
141 131 -1 0
140 131 -1 0
139 131 -1 0
138 131 -1 0
137 131 -1 0
136 131 -1 0
135 131 -1 0
134 131 -1 0
133 131 -1 0
168 130 -1 0
167 130 -1 0
166 130 -1 0
165 130 -1 0
164 130 -1 0
163 130 -1 0
162 130 -1 0
161 130 -1 0
160 130 -1 0
159 130 -1 0
158 130 -1 0
157 130 -1 0
156 130 -1 0
155 130 -1 0
154 130 -1 0
153 130 -1 0
152 130 -1 0
151 130 -1 0
150 130 -1 0
149 130 -1 0
148 130 -1 0
147 130 -1 0
146 130 -1 0
145 130 -1 0
144 130 -1 0
143 130 -1 0
142 130 -1 0
141 130 -1 0
140 130 -1 0
139 130 -1 0
138 130 -1 0
137 130 -1 0
136 130 -1 0
169 129 -1 0
168 129 -1 0
167 129 -1 0
166 129 -1 0
165 129 -1 0
164 129 -1 0
163 129 -1 0
162 129 -1 0
161 129 -1 0
160 129 -1 0
159 129 -1 0
158 129 -1 0
157 129 -1 0
156 129 -1 0
155 129 -1 0
154 129 -1 0
153 129 -1 0
152 129 -1 0
151 129 -1 0
150 129 -1 0
149 129 -1 0
148 129 -1 0
147 129 -1 0
146 129 -1 0
145 129 -1 0
144 129 -1 0
143 129 -1 0
142 129 -1 0
141 129 -1 0
140 129 -1 0
139 129 -1 0
138 129 -1 0
172 128 -1 0
171 128 -1 0
170 128 -1 0
169 128 -1 0
168 128 -1 0
167 128 -1 0
166 128 -1 0
165 128 -1 0
164 128 -1 0
163 128 -1 0
162 128 -1 0
161 128 -1 0
160 128 -1 0
159 128 -1 0
158 128 -1 0
157 128 -1 0
156 128 -1 0
155 128 -1 0
154 128 -1 0
153 128 -1 0
152 128 -1 0
151 128 -1 0
150 128 -1 0
149 128 -1 0
148 128 -1 0
147 128 -1 0
146 128 -1 0
145 128 -1 0
144 128 -1 0
143 128 -1 0
142 128 -1 0
141 128 -1 0
174 127 -1 0
173 127 -1 0
172 127 -1 0
171 127 -1 0
170 127 -1 0
169 127 -1 0
168 127 -1 0
167 127 -1 0
166 127 -1 0
165 127 -1 0
164 127 -1 0
163 127 -1 0
162 127 -1 0
161 127 -1 0
160 127 -1 0
159 127 -1 0
158 127 -1 0
157 127 -1 0
156 127 -1 0
155 127 -1 0
154 127 -1 0
153 127 -1 0
152 127 -1 0
151 127 -1 0
150 127 -1 0
149 127 -1 0
148 127 -1 0
147 127 -1 0
146 127 -1 0
145 127 -1 0
144 127 -1 0
143 127 -1 0
142 127 -1 0
176 126 -1 0
175 126 -1 0
174 126 -1 0
173 126 -1 0
172 126 -1 0
171 126 -1 0
170 126 -1 0
169 126 -1 0
168 126 -1 0
167 126 -1 0
166 126 -1 0
165 126 -1 0
164 126 -1 0
163 126 -1 0
162 126 -1 0
161 126 -1 0
160 126 -1 0
159 126 -1 0
158 126 -1 0
157 126 -1 0
156 126 -1 0
155 126 -1 0
154 126 -1 0
153 126 -1 0
152 126 -1 0
151 126 -1 0
150 126 -1 0
149 126 -1 0
148 126 -1 0
147 126 -1 0
146 126 -1 0
145 126 -1 0
177 125 -1 0
176 125 -1 0
175 125 -1 0
174 125 -1 0
173 125 -1 0
172 125 -1 0
171 125 -1 0
170 125 -1 0
169 125 -1 0
168 125 -1 0
167 125 -1 0
166 125 -1 0
165 125 -1 0
164 125 -1 0
163 125 -1 0
162 125 -1 0
161 125 -1 0
160 125 -1 0
159 125 -1 0
158 125 -1 0
157 125 -1 0
156 125 -1 0
155 125 -1 0
154 125 -1 0
153 125 -1 0
152 125 -1 0
151 125 -1 0
150 125 -1 0
149 125 -1 0
148 125 -1 0
178 124 -1 0
177 124 -1 0
176 124 -1 0
175 124 -1 0
174 124 -1 0
173 124 -1 0
172 124 -1 0
171 124 -1 0
170 124 -1 0
169 124 -1 0
168 124 -1 0
167 124 -1 0
166 124 -1 0
165 124 -1 0
164 124 -1 0
163 124 -1 0
162 124 -1 0
161 124 -1 0
160 124 -1 0
159 124 -1 0
158 124 -1 0
157 124 -1 0
156 124 -1 0
155 124 -1 0
154 124 -1 0
153 124 -1 0
152 124 -1 0
151 124 -1 0
180 123 -1 0
179 123 -1 0
178 123 -1 0
177 123 -1 0
176 123 -1 0
175 123 -1 0
174 123 -1 0
173 123 -1 0
172 123 -1 0
171 123 -1 0
170 123 -1 0
169 123 -1 0
168 123 -1 0
167 123 -1 0
166 123 -1 0
165 123 -1 0
164 123 -1 0
163 123 -1 0
162 123 -1 0
161 123 -1 0
160 123 -1 0
159 123 -1 0
158 123 -1 0
157 123 -1 0
156 123 -1 0
155 123 -1 0
154 123 -1 0
153 123 -1 0
181 122 -1 0
180 122 -1 0
179 122 -1 0
178 122 -1 0
177 122 -1 0
176 122 -1 0
175 122 -1 0
174 122 -1 0
173 122 -1 0
172 122 -1 0
171 122 -1 0
170 122 -1 0
169 122 -1 0
168 122 -1 0
167 122 -1 0
166 122 -1 0
165 122 -1 0
164 122 -1 0
163 122 -1 0
162 122 -1 0
161 122 -1 0
160 122 -1 0
159 122 -1 0
158 122 -1 0
157 122 -1 0
156 122 -1 0
155 122 -1 0
183 121 -1 0
182 121 -1 0
181 121 -1 0
180 121 -1 0
179 121 -1 0
178 121 -1 0
177 121 -1 0
176 121 -1 0
175 121 -1 0
174 121 -1 0
173 121 -1 0
172 121 -1 0
171 121 -1 0
170 121 -1 0
169 121 -1 0
168 121 -1 0
167 121 -1 0
166 121 -1 0
165 121 -1 0
164 121 -1 0
163 121 -1 0
162 121 -1 0
161 121 -1 0
160 121 -1 0
159 121 -1 0
158 121 -1 0
185 120 -1 0
184 120 -1 0
183 120 -1 0
182 120 -1 0
181 120 -1 0
180 120 -1 0
179 120 -1 0
178 120 -1 0
177 120 -1 0
176 120 -1 0
175 120 -1 0
174 120 -1 0
173 120 -1 0
172 120 -1 0
171 120 -1 0
170 120 -1 0
169 120 -1 0
168 120 -1 0
167 120 -1 0
166 120 -1 0
165 120 -1 0
164 120 -1 0
163 120 -1 0
162 120 -1 0
161 120 -1 0
160 120 -1 0
186 119 -1 0
185 119 -1 0
184 119 -1 0
183 119 -1 0
182 119 -1 0
181 119 -1 0
180 119 -1 0
179 119 -1 0
178 119 -1 0
177 119 -1 0
176 119 -1 0
175 119 -1 0
174 119 -1 0
173 119 -1 0
172 119 -1 0
171 119 -1 0
170 119 -1 0
169 119 -1 0
168 119 -1 0
167 119 -1 0
166 119 -1 0
165 119 -1 0
164 119 -1 0
163 119 -1 0
162 119 -1 0
187 118 -1 0
186 118 -1 0
185 118 -1 0
184 118 -1 0
183 118 -1 0
182 118 -1 0
181 118 -1 0
180 118 -1 0
179 118 -1 0
178 118 -1 0
177 118 -1 0
176 118 -1 0
175 118 -1 0
174 118 -1 0
173 118 -1 0
172 118 -1 0
171 118 -1 0
170 118 -1 0
169 118 -1 0
168 118 -1 0
167 118 -1 0
166 118 -1 0
165 118 -1 0
164 118 -1 0
163 118 -1 0
189 117 -1 0
188 117 -1 0
187 117 -1 0
186 117 -1 0
185 117 -1 0
184 117 -1 0
183 117 -1 0
182 117 -1 0
181 117 -1 0
180 117 -1 0
179 117 -1 0
178 117 -1 0
177 117 -1 0
176 117 -1 0
175 117 -1 0
174 117 -1 0
173 117 -1 0
172 117 -1 0
171 117 -1 0
170 117 -1 0
169 117 -1 0
168 117 -1 0
167 117 -1 0
166 117 -1 0
165 117 -1 0
190 116 -1 0
189 116 -1 0
188 116 -1 0
187 116 -1 0
186 116 -1 0
185 116 -1 0
184 116 -1 0
183 116 -1 0
182 116 -1 0
181 116 -1 0
180 116 -1 0
179 116 -1 0
178 116 -1 0
177 116 -1 0
176 116 -1 0
175 116 -1 0
174 116 -1 0
173 116 -1 0
172 116 -1 0
171 116 -1 0
170 116 -1 0
169 116 -1 0
168 116 -1 0
167 116 -1 0
191 115 -1 0
190 115 -1 0
189 115 -1 0
188 115 -1 0
187 115 -1 0
186 115 -1 0
185 115 -1 0
184 115 -1 0
183 115 -1 0
182 115 -1 0
181 115 -1 0
180 115 -1 0
179 115 -1 0
178 115 -1 0
177 115 -1 0
176 115 -1 0
175 115 -1 0
174 115 -1 0
173 115 -1 0
172 115 -1 0
171 115 -1 0
170 115 -1 0
193 114 -1 0
192 114 -1 0
191 114 -1 0
190 114 -1 0
189 114 -1 0
188 114 -1 0
187 114 -1 0
186 114 -1 0
185 114 -1 0
184 114 -1 0
183 114 -1 0
182 114 -1 0
181 114 -1 0
180 114 -1 0
179 114 -1 0
178 114 -1 0
177 114 -1 0
176 114 -1 0
175 114 -1 0
174 114 -1 0
173 114 -1 0
172 114 -1 0
194 113 -1 0
193 113 -1 0
192 113 -1 0
191 113 -1 0
190 113 -1 0
189 113 -1 0
188 113 -1 0
187 113 -1 0
186 113 -1 0
185 113 -1 0
184 113 -1 0
183 113 -1 0
182 113 -1 0
181 113 -1 0
180 113 -1 0
179 113 -1 0
178 113 -1 0
177 113 -1 0
176 113 -1 0
175 113 -1 0
174 113 -1 0
195 112 -1 0
194 112 -1 0
193 112 -1 0
192 112 -1 0
191 112 -1 0
190 112 -1 0
189 112 -1 0
188 112 -1 0
187 112 -1 0
186 112 -1 0
185 112 -1 0
184 112 -1 0
183 112 -1 0
182 112 -1 0
181 112 -1 0
180 112 -1 0
179 112 -1 0
178 112 -1 0
177 112 -1 0
176 112 -1 0
195 111 -1 0
194 111 -1 0
193 111 -1 0
192 111 -1 0
191 111 -1 0
190 111 -1 0
189 111 -1 0
188 111 -1 0
187 111 -1 0
186 111 -1 0
185 111 -1 0
184 111 -1 0
183 111 -1 0
182 111 -1 0
181 111 -1 0
180 111 -1 0
179 111 -1 0
178 111 -1 0
177 111 -1 0
195 110 -1 0
194 110 -1 0
193 110 -1 0
192 110 -1 0
191 110 -1 0
190 110 -1 0
189 110 -1 0
188 110 -1 0
187 110 -1 0
186 110 -1 0
185 110 -1 0
184 110 -1 0
183 110 -1 0
182 110 -1 0
181 110 -1 0
180 110 -1 0
179 110 -1 0
178 110 -1 0
177 110 -1 0
196 109 -1 0
195 109 -1 0
194 109 -1 0
193 109 -1 0
192 109 -1 0
191 109 -1 0
190 109 -1 0
189 109 -1 0
188 109 -1 0
187 109 -1 0
186 109 -1 0
185 109 -1 0
184 109 -1 0
183 109 -1 0
182 109 -1 0
181 109 -1 0
180 109 -1 0
179 109 -1 0
178 109 -1 0
195 108 -1 0
194 108 -1 0
193 108 -1 0
192 108 -1 0
191 108 -1 0
190 108 -1 0
189 108 -1 0
188 108 -1 0
187 108 -1 0
186 108 -1 0
185 108 -1 0
184 108 -1 0
183 108 -1 0
182 108 -1 0
181 108 -1 0
180 108 -1 0
179 108 -1 0
178 108 -1 0
196 107 -1 0
195 107 -1 0
194 107 -1 0
193 107 -1 0
192 107 -1 0
191 107 -1 0
190 107 -1 0
189 107 -1 0
188 107 -1 0
187 107 -1 0
186 107 -1 0
185 107 -1 0
184 107 -1 0
183 107 -1 0
182 107 -1 0
181 107 -1 0
180 107 -1 0
179 107 -1 0
195 106 -1 0
194 106 -1 0
193 106 -1 0
192 106 -1 0
191 106 -1 0
190 106 -1 0
189 106 -1 0
188 106 -1 0
187 106 -1 0
186 106 -1 0
185 106 -1 0
184 106 -1 0
183 106 -1 0
182 106 -1 0
181 106 -1 0
180 106 -1 0
179 106 -1 0
195 105 -1 0
194 105 -1 0
193 105 -1 0
192 105 -1 0
191 105 -1 0
190 105 -1 0
189 105 -1 0
188 105 -1 0
187 105 -1 0
186 105 -1 0
185 105 -1 0
184 105 -1 0
183 105 -1 0
182 105 -1 0
181 105 -1 0
180 105 -1 0
179 105 -1 0
195 104 -1 0
194 104 -1 0
193 104 -1 0
192 104 -1 0
191 104 -1 0
190 104 -1 0
189 104 -1 0
188 104 -1 0
187 104 -1 0
186 104 -1 0
185 104 -1 0
184 104 -1 0
183 104 -1 0
182 104 -1 0
181 104 -1 0
180 104 -1 0
179 104 -1 0
194 103 -1 0
193 103 -1 0
192 103 -1 0
191 103 -1 0
190 103 -1 0
189 103 -1 0
188 103 -1 0
187 103 -1 0
186 103 -1 0
185 103 -1 0
184 103 -1 0
183 103 -1 0
182 103 -1 0
181 103 -1 0
180 103 -1 0
194 102 -1 0
193 102 -1 0
192 102 -1 0
191 102 -1 0
190 102 -1 0
189 102 -1 0
188 102 -1 0
187 102 -1 0
186 102 -1 0
185 102 -1 0
184 102 -1 0
183 102 -1 0
182 102 -1 0
181 102 -1 0
180 102 -1 0
195 101 -1 0
194 101 -1 0
193 101 -1 0
192 101 -1 0
191 101 -1 0
190 101 -1 0
189 101 -1 0
188 101 -1 0
187 101 -1 0
186 101 -1 0
185 101 -1 0
184 101 -1 0
183 101 -1 0
182 101 -1 0
181 101 -1 0
180 101 -1 0
195 100 -1 0
194 100 -1 0
193 100 -1 0
192 100 -1 0
191 100 -1 0
190 100 -1 0
189 100 -1 0
188 100 -1 0
187 100 -1 0
186 100 -1 0
185 100 -1 0
184 100 -1 0
183 100 -1 0
182 100 -1 0
181 100 -1 0
180 100 -1 0
195 99 -1 0
194 99 -1 0
193 99 -1 0
192 99 -1 0
191 99 -1 0
190 99 -1 0
189 99 -1 0
188 99 -1 0
187 99 -1 0
186 99 -1 0
185 99 -1 0
184 99 -1 0
183 99 -1 0
182 99 -1 0
181 99 -1 0
180 99 -1 0
196 98 -1 0
195 98 -1 0
194 98 -1 0
193 98 -1 0
192 98 -1 0
191 98 -1 0
190 98 -1 0
189 98 -1 0
188 98 -1 0
187 98 -1 0
186 98 -1 0
185 98 -1 0
184 98 -1 0
183 98 -1 0
182 98 -1 0
181 98 -1 0
196 97 -1 0
195 97 -1 0
194 97 -1 0
193 97 -1 0
192 97 -1 0
191 97 -1 0
190 97 -1 0
189 97 -1 0
188 97 -1 0
187 97 -1 0
186 97 -1 0
185 97 -1 0
184 97 -1 0
183 97 -1 0
182 97 -1 0
181 97 -1 0
196 96 -1 0
195 96 -1 0
194 96 -1 0
193 96 -1 0
192 96 -1 0
191 96 -1 0
190 96 -1 0
189 96 -1 0
188 96 -1 0
187 96 -1 0
186 96 -1 0
185 96 -1 0
184 96 -1 0
183 96 -1 0
182 96 -1 0
181 96 -1 0
197 95 -1 0
196 95 -1 0
195 95 -1 0
194 95 -1 0
193 95 -1 0
192 95 -1 0
191 95 -1 0
190 95 -1 0
189 95 -1 0
188 95 -1 0
187 95 -1 0
186 95 -1 0
185 95 -1 0
184 95 -1 0
183 95 -1 0
182 95 -1 0
181 95 -1 0
198 94 -1 0
197 94 -1 0
196 94 -1 0
195 94 -1 0
194 94 -1 0
193 94 -1 0
192 94 -1 0
191 94 -1 0
190 94 -1 0
189 94 -1 0
188 94 -1 0
187 94 -1 0
186 94 -1 0
185 94 -1 0
184 94 -1 0
183 94 -1 0
182 94 -1 0
198 93 -1 0
197 93 -1 0
196 93 -1 0
195 93 -1 0
194 93 -1 0
193 93 -1 0
192 93 -1 0
191 93 -1 0
190 93 -1 0
189 93 -1 0
188 93 -1 0
187 93 -1 0
186 93 -1 0
185 93 -1 0
184 93 -1 0
183 93 -1 0
182 93 -1 0
198 92 -1 0
197 92 -1 0
196 92 -1 0
195 92 -1 0
194 92 -1 0
193 92 -1 0
192 92 -1 0
191 92 -1 0
190 92 -1 0
189 92 -1 0
188 92 -1 0
187 92 -1 0
186 92 -1 0
185 92 -1 0
184 92 -1 0
183 92 -1 0
182 92 -1 0
199 91 -1 0
198 91 -1 0
197 91 -1 0
196 91 -1 0
195 91 -1 0
194 91 -1 0
193 91 -1 0
192 91 -1 0
191 91 -1 0
190 91 -1 0
189 91 -1 0
188 91 -1 0
187 91 -1 0
186 91 -1 0
185 91 -1 0
184 91 -1 0
183 91 -1 0
182 91 -1 0
199 90 -1 0
198 90 -1 0
197 90 -1 0
196 90 -1 0
195 90 -1 0
194 90 -1 0
193 90 -1 0
192 90 -1 0
191 90 -1 0
190 90 -1 0
189 90 -1 0
188 90 -1 0
187 90 -1 0
186 90 -1 0
185 90 -1 0
184 90 -1 0
183 90 -1 0
199 89 -1 0
198 89 -1 0
197 89 -1 0
196 89 -1 0
195 89 -1 0
194 89 -1 0
193 89 -1 0
192 89 -1 0
191 89 -1 0
190 89 -1 0
189 89 -1 0
188 89 -1 0
187 89 -1 0
186 89 -1 0
185 89 -1 0
184 89 -1 0
183 89 -1 0
182 89 -1 0
199 88 -1 0
198 88 -1 0
197 88 -1 0
196 88 -1 0
195 88 -1 0
194 88 -1 0
193 88 -1 0
192 88 -1 0
191 88 -1 0
190 88 -1 0
189 88 -1 0
188 88 -1 0
187 88 -1 0
186 88 -1 0
185 88 -1 0
184 88 -1 0
183 88 -1 0
182 88 -1 0
200 87 -1 0
199 87 -1 0
198 87 -1 0
197 87 -1 0
196 87 -1 0
195 87 -1 0
194 87 -1 0
193 87 -1 0
192 87 -1 0
191 87 -1 0
190 87 -1 0
189 87 -1 0
188 87 -1 0
187 87 -1 0
186 87 -1 0
185 87 -1 0
184 87 -1 0
183 87 -1 0
200 86 -1 0
199 86 -1 0
198 86 -1 0
197 86 -1 0
196 86 -1 0
195 86 -1 0
194 86 -1 0
193 86 -1 0
192 86 -1 0
191 86 -1 0
190 86 -1 0
189 86 -1 0
188 86 -1 0
187 86 -1 0
186 86 -1 0
185 86 -1 0
184 86 -1 0
183 86 -1 0
200 85 -1 0
199 85 -1 0
198 85 -1 0
197 85 -1 0
196 85 -1 0
195 85 -1 0
194 85 -1 0
193 85 -1 0
192 85 -1 0
191 85 -1 0
190 85 -1 0
189 85 -1 0
188 85 -1 0
187 85 -1 0
186 85 -1 0
185 85 -1 0
184 85 -1 0
183 85 -1 0
201 84 -1 0
200 84 -1 0
199 84 -1 0
198 84 -1 0
197 84 -1 0
196 84 -1 0
195 84 -1 0
194 84 -1 0
193 84 -1 0
192 84 -1 0
191 84 -1 0
190 84 -1 0
189 84 -1 0
188 84 -1 0
187 84 -1 0
186 84 -1 0
185 84 -1 0
184 84 -1 0
183 84 -1 0
201 83 -1 0
200 83 -1 0
199 83 -1 0
198 83 -1 0
197 83 -1 0
196 83 -1 0
195 83 -1 0
194 83 -1 0
193 83 -1 0
192 83 -1 0
191 83 -1 0
190 83 -1 0
189 83 -1 0
188 83 -1 0
187 83 -1 0
186 83 -1 0
185 83 -1 0
184 83 -1 0
201 82 -1 0
200 82 -1 0
199 82 -1 0
198 82 -1 0
197 82 -1 0
196 82 -1 0
195 82 -1 0
194 82 -1 0
193 82 -1 0
192 82 -1 0
191 82 -1 0
190 82 -1 0
189 82 -1 0
188 82 -1 0
187 82 -1 0
186 82 -1 0
185 82 -1 0
184 82 -1 0
202 81 -1 0
201 81 -1 0
200 81 -1 0
199 81 -1 0
198 81 -1 0
197 81 -1 0
196 81 -1 0
195 81 -1 0
194 81 -1 0
193 81 -1 0
192 81 -1 0
191 81 -1 0
190 81 -1 0
189 81 -1 0
188 81 -1 0
187 81 -1 0
186 81 -1 0
185 81 -1 0
184 81 -1 0
202 80 -1 0
201 80 -1 0
200 80 -1 0
199 80 -1 0
198 80 -1 0
197 80 -1 0
196 80 -1 0
195 80 -1 0
194 80 -1 0
193 80 -1 0
192 80 -1 0
191 80 -1 0
190 80 -1 0
189 80 -1 0
188 80 -1 0
187 80 -1 0
186 80 -1 0
185 80 -1 0
202 79 -1 0
201 79 -1 0
200 79 -1 0
199 79 -1 0
198 79 -1 0
197 79 -1 0
196 79 -1 0
195 79 -1 0
194 79 -1 0
193 79 -1 0
192 79 -1 0
191 79 -1 0
190 79 -1 0
189 79 -1 0
188 79 -1 0
187 79 -1 0
186 79 -1 0
185 79 -1 0
184 79 -1 0
203 78 -1 0
202 78 -1 0
201 78 -1 0
200 78 -1 0
199 78 -1 0
198 78 -1 0
197 78 -1 0
196 78 -1 0
195 78 -1 0
194 78 -1 0
193 78 -1 0
192 78 -1 0
191 78 -1 0
190 78 -1 0
189 78 -1 0
188 78 -1 0
187 78 -1 0
186 78 -1 0
185 78 -1 0
203 77 -1 0
202 77 -1 0
201 77 -1 0
200 77 -1 0
199 77 -1 0
198 77 -1 0
197 77 -1 0
196 77 -1 0
195 77 -1 0
194 77 -1 0
193 77 -1 0
192 77 -1 0
191 77 -1 0
190 77 -1 0
189 77 -1 0
188 77 -1 0
187 77 -1 0
186 77 -1 0
185 77 -1 0
204 76 -1 0
203 76 -1 0
202 76 -1 0
201 76 -1 0
200 76 -1 0
199 76 -1 0
198 76 -1 0
197 76 -1 0
196 76 -1 0
195 76 -1 0
194 76 -1 0
193 76 -1 0
192 76 -1 0
191 76 -1 0
190 76 -1 0
189 76 -1 0
188 76 -1 0
187 76 -1 0
186 76 -1 0
185 76 -1 0
204 75 -1 0
203 75 -1 0
202 75 -1 0
201 75 -1 0
200 75 -1 0
199 75 -1 0
198 75 -1 0
197 75 -1 0
196 75 -1 0
195 75 -1 0
194 75 -1 0
193 75 -1 0
192 75 -1 0
191 75 -1 0
190 75 -1 0
189 75 -1 0
188 75 -1 0
187 75 -1 0
186 75 -1 0
205 74 -1 0
204 74 -1 0
203 74 -1 0
202 74 -1 0
201 74 -1 0
200 74 -1 0
199 74 -1 0
198 74 -1 0
197 74 -1 0
196 74 -1 0
195 74 -1 0
194 74 -1 0
193 74 -1 0
192 74 -1 0
191 74 -1 0
190 74 -1 0
189 74 -1 0
188 74 -1 0
187 74 -1 0
186 74 -1 0
205 73 -1 0
204 73 -1 0
203 73 -1 0
202 73 -1 0
201 73 -1 0
200 73 -1 0
199 73 -1 0
198 73 -1 0
197 73 -1 0
196 73 -1 0
195 73 -1 0
194 73 -1 0
193 73 -1 0
192 73 -1 0
191 73 -1 0
190 73 -1 0
189 73 -1 0
188 73 -1 0
187 73 -1 0
186 73 -1 0
205 72 -1 0
204 72 -1 0
203 72 -1 0
202 72 -1 0
201 72 -1 0
200 72 -1 0
199 72 -1 0
198 72 -1 0
197 72 -1 0
196 72 -1 0
195 72 -1 0
194 72 -1 0
193 72 -1 0
192 72 -1 0
191 72 -1 0
190 72 -1 0
189 72 -1 0
188 72 -1 0
187 72 -1 0
206 71 -1 0
205 71 -1 0
204 71 -1 0
203 71 -1 0
202 71 -1 0
201 71 -1 0
200 71 -1 0
199 71 -1 0
198 71 -1 0
197 71 -1 0
196 71 -1 0
195 71 -1 0
194 71 -1 0
193 71 -1 0
192 71 -1 0
191 71 -1 0
190 71 -1 0
189 71 -1 0
188 71 -1 0
187 71 -1 0
206 70 -1 0
205 70 -1 0
204 70 -1 0
203 70 -1 0
202 70 -1 0
201 70 -1 0
200 70 -1 0
199 70 -1 0
198 70 -1 0
197 70 -1 0
196 70 -1 0
195 70 -1 0
194 70 -1 0
193 70 -1 0
192 70 -1 0
191 70 -1 0
190 70 -1 0
189 70 -1 0
188 70 -1 0
187 70 -1 0
206 69 -1 0
205 69 -1 0
204 69 -1 0
203 69 -1 0
202 69 -1 0
201 69 -1 0
200 69 -1 0
199 69 -1 0
198 69 -1 0
197 69 -1 0
196 69 -1 0
195 69 -1 0
194 69 -1 0
193 69 -1 0
192 69 -1 0
191 69 -1 0
190 69 -1 0
189 69 -1 0
188 69 -1 0
207 68 -1 0
206 68 -1 0
205 68 -1 0
204 68 -1 0
203 68 -1 0
202 68 -1 0
201 68 -1 0
200 68 -1 0
199 68 -1 0
198 68 -1 0
197 68 -1 0
196 68 -1 0
195 68 -1 0
194 68 -1 0
193 68 -1 0
192 68 -1 0
191 68 -1 0
190 68 -1 0
189 68 -1 0
207 67 -1 0
206 67 -1 0
205 67 -1 0
204 67 -1 0
203 67 -1 0
202 67 -1 0
201 67 -1 0
200 67 -1 0
199 67 -1 0
198 67 -1 0
197 67 -1 0
196 67 -1 0
195 67 -1 0
194 67 -1 0
193 67 -1 0
192 67 -1 0
191 67 -1 0
190 67 -1 0
208 66 -1 0
207 66 -1 0
206 66 -1 0
205 66 -1 0
204 66 -1 0
203 66 -1 0
202 66 -1 0
201 66 -1 0
200 66 -1 0
199 66 -1 0
198 66 -1 0
197 66 -1 0
196 66 -1 0
195 66 -1 0
194 66 -1 0
193 66 -1 0
192 66 -1 0
191 66 -1 0
208 65 -1 0
207 65 -1 0
206 65 -1 0
205 65 -1 0
204 65 -1 0
203 65 -1 0
202 65 -1 0
201 65 -1 0
200 65 -1 0
199 65 -1 0
198 65 -1 0
197 65 -1 0
196 65 -1 0
195 65 -1 0
194 65 -1 0
193 65 -1 0
192 65 -1 0
191 65 -1 0
208 64 -1 0
207 64 -1 0
206 64 -1 0
205 64 -1 0
204 64 -1 0
203 64 -1 0
202 64 -1 0
201 64 -1 0
200 64 -1 0
199 64 -1 0
198 64 -1 0
197 64 -1 0
196 64 -1 0
195 64 -1 0
194 64 -1 0
193 64 -1 0
192 64 -1 0
209 63 -1 0
208 63 -1 0
207 63 -1 0
206 63 -1 0
205 63 -1 0
204 63 -1 0
203 63 -1 0
202 63 -1 0
201 63 -1 0
200 63 -1 0
199 63 -1 0
198 63 -1 0
197 63 -1 0
196 63 -1 0
195 63 -1 0
194 63 -1 0
193 63 -1 0
209 62 -1 0
208 62 -1 0
207 62 -1 0
206 62 -1 0
205 62 -1 0
204 62 -1 0
203 62 -1 0
202 62 -1 0
201 62 -1 0
200 62 -1 0
199 62 -1 0
198 62 -1 0
197 62 -1 0
196 62 -1 0
195 62 -1 0
194 62 -1 0
209 61 -1 0
208 61 -1 0
207 61 -1 0
206 61 -1 0
205 61 -1 0
204 61 -1 0
203 61 -1 0
202 61 -1 0
201 61 -1 0
200 61 -1 0
199 61 -1 0
198 61 -1 0
197 61 -1 0
196 61 -1 0
195 61 -1 0
210 60 -1 0
209 60 -1 0
208 60 -1 0
207 60 -1 0
206 60 -1 0
205 60 -1 0
204 60 -1 0
203 60 -1 0
202 60 -1 0
201 60 -1 0
200 60 -1 0
199 60 -1 0
198 60 -1 0
197 60 -1 0
196 60 -1 0
210 59 -1 0
209 59 -1 0
208 59 -1 0
207 59 -1 0
206 59 -1 0
205 59 -1 0
204 59 -1 0
203 59 -1 0
202 59 -1 0
201 59 -1 0
200 59 -1 0
199 59 -1 0
198 59 -1 0
197 59 -1 0
210 58 -1 0
209 58 -1 0
208 58 -1 0
207 58 -1 0
206 58 -1 0
205 58 -1 0
204 58 -1 0
203 58 -1 0
202 58 -1 0
201 58 -1 0
200 58 -1 0
199 58 -1 0
198 58 -1 0
197 58 -1 0
210 57 -1 0
209 57 -1 0
208 57 -1 0
207 57 -1 0
206 57 -1 0
205 57 -1 0
204 57 -1 0
203 57 -1 0
202 57 -1 0
201 57 -1 0
200 57 -1 0
199 57 -1 0
198 57 -1 0
210 56 -1 0
209 56 -1 0
208 56 -1 0
207 56 -1 0
206 56 -1 0
205 56 -1 0
204 56 -1 0
203 56 -1 0
202 56 -1 0
201 56 -1 0
200 56 -1 0
199 56 -1 0
198 56 -1 0
210 55 -1 0
209 55 -1 0
208 55 -1 0
207 55 -1 0
206 55 -1 0
205 55 -1 0
204 55 -1 0
203 55 -1 0
202 55 -1 0
201 55 -1 0
200 55 -1 0
199 55 -1 0
198 55 -1 0
210 54 -1 0
209 54 -1 0
208 54 -1 0
207 54 -1 0
206 54 -1 0
205 54 -1 0
204 54 -1 0
203 54 -1 0
202 54 -1 0
201 54 -1 0
200 54 -1 0
199 54 -1 0
198 54 -1 0
210 53 -1 0
209 53 -1 0
208 53 -1 0
207 53 -1 0
206 53 -1 0
205 53 -1 0
204 53 -1 0
203 53 -1 0
202 53 -1 0
201 53 -1 0
200 53 -1 0
199 53 -1 0
198 53 -1 0
197 53 -1 0
210 52 -1 0
209 52 -1 0
208 52 -1 0
207 52 -1 0
206 52 -1 0
205 52 -1 0
204 52 -1 0
203 52 -1 0
202 52 -1 0
201 52 -1 0
200 52 -1 0
199 52 -1 0
198 52 -1 0
197 52 -1 0
211 51 -1 0
210 51 -1 0
209 51 -1 0
208 51 -1 0
207 51 -1 0
206 51 -1 0
205 51 -1 0
204 51 -1 0
203 51 -1 0
202 51 -1 0
201 51 -1 0
200 51 -1 0
199 51 -1 0
198 51 -1 0
197 51 -1 0
210 50 -1 0
209 50 -1 0
208 50 -1 0
207 50 -1 0
206 50 -1 0
205 50 -1 0
204 50 -1 0
203 50 -1 0
202 50 -1 0
201 50 -1 0
200 50 -1 0
199 50 -1 0
198 50 -1 0
197 50 -1 0
196 50 -1 0
211 49 -1 0
210 49 -1 0
209 49 -1 0
208 49 -1 0
207 49 -1 0
206 49 -1 0
205 49 -1 0
204 49 -1 0
203 49 -1 0
202 49 -1 0
201 49 -1 0
200 49 -1 0
199 49 -1 0
198 49 -1 0
197 49 -1 0
196 49 -1 0
211 48 -1 0
210 48 -1 0
209 48 -1 0
208 48 -1 0
207 48 -1 0
206 48 -1 0
205 48 -1 0
204 48 -1 0
203 48 -1 0
202 48 -1 0
201 48 -1 0
200 48 -1 0
199 48 -1 0
198 48 -1 0
197 48 -1 0
196 48 -1 0
211 47 -1 0
210 47 -1 0
209 47 -1 0
208 47 -1 0
207 47 -1 0
206 47 -1 0
205 47 -1 0
204 47 -1 0
203 47 -1 0
202 47 -1 0
201 47 -1 0
200 47 -1 0
199 47 -1 0
198 47 -1 0
197 47 -1 0
196 47 -1 0
211 46 -1 0
210 46 -1 0
209 46 -1 0
208 46 -1 0
207 46 -1 0
206 46 -1 0
205 46 -1 0
204 46 -1 0
203 46 -1 0
202 46 -1 0
201 46 -1 0
200 46 -1 0
199 46 -1 0
198 46 -1 0
197 46 -1 0
196 46 -1 0
195 46 -1 0
211 45 -1 0
210 45 -1 0
209 45 -1 0
208 45 -1 0
207 45 -1 0
206 45 -1 0
205 45 -1 0
204 45 -1 0
203 45 -1 0
202 45 -1 0
201 45 -1 0
200 45 -1 0
199 45 -1 0
198 45 -1 0
197 45 -1 0
196 45 -1 0
195 45 -1 0
211 44 -1 0
210 44 -1 0
209 44 -1 0
208 44 -1 0
207 44 -1 0
206 44 -1 0
205 44 -1 0
204 44 -1 0
203 44 -1 0
202 44 -1 0
201 44 -1 0
200 44 -1 0
199 44 -1 0
198 44 -1 0
197 44 -1 0
196 44 -1 0
195 44 -1 0
211 43 -1 0
210 43 -1 0
209 43 -1 0
208 43 -1 0
207 43 -1 0
206 43 -1 0
205 43 -1 0
204 43 -1 0
203 43 -1 0
202 43 -1 0
201 43 -1 0
200 43 -1 0
199 43 -1 0
198 43 -1 0
197 43 -1 0
196 43 -1 0
195 43 -1 0
211 42 -1 0
210 42 -1 0
209 42 -1 0
208 42 -1 0
207 42 -1 0
206 42 -1 0
205 42 -1 0
204 42 -1 0
203 42 -1 0
202 42 -1 0
201 42 -1 0
200 42 -1 0
199 42 -1 0
198 42 -1 0
197 42 -1 0
196 42 -1 0
195 42 -1 0
211 41 -1 0
210 41 -1 0
209 41 -1 0
208 41 -1 0
207 41 -1 0
206 41 -1 0
205 41 -1 0
204 41 -1 0
203 41 -1 0
202 41 -1 0
201 41 -1 0
200 41 -1 0
199 41 -1 0
198 41 -1 0
197 41 -1 0
196 41 -1 0
195 41 -1 0
194 41 -1 0
211 40 -1 0
210 40 -1 0
209 40 -1 0
208 40 -1 0
207 40 -1 0
206 40 -1 0
205 40 -1 0
204 40 -1 0
203 40 -1 0
202 40 -1 0
201 40 -1 0
200 40 -1 0
199 40 -1 0
198 40 -1 0
197 40 -1 0
196 40 -1 0
195 40 -1 0
194 40 -1 0
211 39 -1 0
210 39 -1 0
209 39 -1 0
208 39 -1 0
207 39 -1 0
206 39 -1 0
205 39 -1 0
204 39 -1 0
203 39 -1 0
202 39 -1 0
201 39 -1 0
200 39 -1 0
199 39 -1 0
198 39 -1 0
197 39 -1 0
196 39 -1 0
195 39 -1 0
194 39 -1 0
211 38 -1 0
210 38 -1 0
209 38 -1 0
208 38 -1 0
207 38 -1 0
206 38 -1 0
205 38 -1 0
204 38 -1 0
203 38 -1 0
202 38 -1 0
201 38 -1 0
200 38 -1 0
199 38 -1 0
198 38 -1 0
197 38 -1 0
196 38 -1 0
195 38 -1 0
194 38 -1 0
210 37 -1 0
209 37 -1 0
208 37 -1 0
207 37 -1 0
206 37 -1 0
205 37 -1 0
204 37 -1 0
203 37 -1 0
202 37 -1 0
201 37 -1 0
200 37 -1 0
199 37 -1 0
198 37 -1 0
197 37 -1 0
196 37 -1 0
195 37 -1 0
194 37 -1 0
210 36 -1 0
209 36 -1 0
208 36 -1 0
207 36 -1 0
206 36 -1 0
205 36 -1 0
204 36 -1 0
203 36 -1 0
202 36 -1 0
201 36 -1 0
200 36 -1 0
199 36 -1 0
198 36 -1 0
197 36 -1 0
196 36 -1 0
195 36 -1 0
194 36 -1 0
193 36 -1 0
210 35 -1 0
209 35 -1 0
208 35 -1 0
207 35 -1 0
206 35 -1 0
205 35 -1 0
204 35 -1 0
203 35 -1 0
202 35 -1 0
201 35 -1 0
200 35 -1 0
199 35 -1 0
198 35 -1 0
197 35 -1 0
196 35 -1 0
195 35 -1 0
194 35 -1 0
193 35 -1 0
209 34 -1 0
208 34 -1 0
207 34 -1 0
206 34 -1 0
205 34 -1 0
204 34 -1 0
203 34 -1 0
202 34 -1 0
201 34 -1 0
200 34 -1 0
199 34 -1 0
198 34 -1 0
197 34 -1 0
196 34 -1 0
195 34 -1 0
194 34 -1 0
193 34 -1 0
209 33 -1 0
208 33 -1 0
207 33 -1 0
206 33 -1 0
205 33 -1 0
204 33 -1 0
203 33 -1 0
202 33 -1 0
201 33 -1 0
200 33 -1 0
199 33 -1 0
198 33 -1 0
197 33 -1 0
196 33 -1 0
195 33 -1 0
194 33 -1 0
193 33 -1 0
192 33 -1 0
208 32 -1 0
207 32 -1 0
206 32 -1 0
205 32 -1 0
204 32 -1 0
203 32 -1 0
202 32 -1 0
201 32 -1 0
200 32 -1 0
199 32 -1 0
198 32 -1 0
197 32 -1 0
196 32 -1 0
195 32 -1 0
194 32 -1 0
193 32 -1 0
192 32 -1 0
208 31 -1 0
207 31 -1 0
206 31 -1 0
205 31 -1 0
204 31 -1 0
203 31 -1 0
202 31 -1 0
201 31 -1 0
200 31 -1 0
199 31 -1 0
198 31 -1 0
197 31 -1 0
196 31 -1 0
195 31 -1 0
194 31 -1 0
193 31 -1 0
192 31 -1 0
207 30 -1 0
206 30 -1 0
205 30 -1 0
204 30 -1 0
203 30 -1 0
202 30 -1 0
201 30 -1 0
200 30 -1 0
199 30 -1 0
198 30 -1 0
197 30 -1 0
196 30 -1 0
195 30 -1 0
194 30 -1 0
193 30 -1 0
192 30 -1 0
206 29 -1 0
205 29 -1 0
204 29 -1 0
203 29 -1 0
202 29 -1 0
201 29 -1 0
200 29 -1 0
199 29 -1 0
198 29 -1 0
197 29 -1 0
196 29 -1 0
195 29 -1 0
194 29 -1 0
193 29 -1 0
192 29 -1 0
205 28 -1 0
204 28 -1 0
203 28 -1 0
202 28 -1 0
201 28 -1 0
200 28 -1 0
199 28 -1 0
198 28 -1 0
197 28 -1 0
196 28 -1 0
195 28 -1 0
194 28 -1 0
193 28 -1 0
192 28 -1 0
203 27 -1 0
202 27 -1 0
201 27 -1 0
200 27 -1 0
199 27 -1 0
198 27 -1 0
197 27 -1 0
196 27 -1 0
195 27 -1 0
194 27 -1 0
193 27 -1 0
202 26 -1 0
201 26 -1 0
200 26 -1 0
199 26 -1 0
198 26 -1 0
197 26 -1 0
196 26 -1 0
195 26 -1 0
194 26 -1 0
193 26 -1 0
201 25 -1 0
200 25 -1 0
199 25 -1 0
198 25 -1 0
197 25 -1 0
196 25 -1 0
195 25 -1 0
194 25 -1 0
193 25 -1 0
200 24 -1 0
199 24 -1 0
198 24 -1 0
197 24 -1 0
196 24 -1 0
195 24 -1 0
194 24 -1 0
197 23 -1 0
