5684 400 400
98 381 -1 0
97 381 -1 0
101 380 -1 0
100 380 -1 0
99 380 -1 0
98 380 -1 0
97 380 -1 0
96 380 -1 0
95 380 -1 0
94 380 -1 0
102 379 -1 0
101 379 -1 0
100 379 -1 0
99 379 -1 0
98 379 -1 0
97 379 -1 0
96 379 -1 0
95 379 -1 0
94 379 -1 0
93 379 -1 0
102 378 -1 0
101 378 -1 0
100 378 -1 0
99 378 -1 0
98 378 -1 0
97 378 -1 0
96 378 -1 0
95 378 -1 0
94 378 -1 0
93 378 -1 0
102 377 -1 0
101 377 -1 0
100 377 -1 0
99 377 -1 0
98 377 -1 0
97 377 -1 0
96 377 -1 0
95 377 -1 0
94 377 -1 0
93 377 -1 0
103 376 -1 0
102 376 -1 0
101 376 -1 0
100 376 -1 0
99 376 -1 0
98 376 -1 0
97 376 -1 0
96 376 -1 0
95 376 -1 0
94 376 -1 0
93 376 -1 0
92 376 -1 0
103 375 -1 0
102 375 -1 0
101 375 -1 0
100 375 -1 0
99 375 -1 0
98 375 -1 0
97 375 -1 0
96 375 -1 0
95 375 -1 0
94 375 -1 0
93 375 -1 0
103 374 -1 0
102 374 -1 0
101 374 -1 0
100 374 -1 0
99 374 -1 0
98 374 -1 0
97 374 -1 0
96 374 -1 0
95 374 -1 0
94 374 -1 0
93 374 -1 0
103 373 -1 0
102 373 -1 0
101 373 -1 0
100 373 -1 0
99 373 -1 0
98 373 -1 0
97 373 -1 0
96 373 -1 0
95 373 -1 0
94 373 -1 0
93 373 -1 0
103 372 -1 0
102 372 -1 0
101 372 -1 0
100 372 -1 0
99 372 -1 0
98 372 -1 0
97 372 -1 0
96 372 -1 0
95 372 -1 0
94 372 -1 0
93 372 -1 0
103 371 -1 0
102 371 -1 0
101 371 -1 0
100 371 -1 0
99 371 -1 0
98 371 -1 0
97 371 -1 0
96 371 -1 0
95 371 -1 0
94 371 -1 0
93 371 -1 0
102 370 -1 0
101 370 -1 0
100 370 -1 0
99 370 -1 0
98 370 -1 0
97 370 -1 0
96 370 -1 0
95 370 -1 0
94 370 -1 0
103 369 -1 0
102 369 -1 0
101 369 -1 0
100 369 -1 0
99 369 -1 0
98 369 -1 0
97 369 -1 0
96 369 -1 0
95 369 -1 0
94 369 -1 0
93 369 -1 0
103 368 -1 0
102 368 -1 0
101 368 -1 0
100 368 -1 0
99 368 -1 0
98 368 -1 0
97 368 -1 0
96 368 -1 0
95 368 -1 0
94 368 -1 0
93 368 -1 0
103 367 -1 0
102 367 -1 0
101 367 -1 0
100 367 -1 0
99 367 -1 0
98 367 -1 0
97 367 -1 0
96 367 -1 0
95 367 -1 0
94 367 -1 0
93 367 -1 0
103 366 -1 0
102 366 -1 0
101 366 -1 0
100 366 -1 0
99 366 -1 0
98 366 -1 0
97 366 -1 0
96 366 -1 0
95 366 -1 0
94 366 -1 0
93 366 -1 0
103 365 -1 0
102 365 -1 0
101 365 -1 0
100 365 -1 0
99 365 -1 0
98 365 -1 0
97 365 -1 0
96 365 -1 0
95 365 -1 0
94 365 -1 0
93 365 -1 0
102 364 -1 0
101 364 -1 0
100 364 -1 0
99 364 -1 0
98 364 -1 0
97 364 -1 0
96 364 -1 0
95 364 -1 0
94 364 -1 0
103 363 -1 0
102 363 -1 0
101 363 -1 0
100 363 -1 0
99 363 -1 0
98 363 -1 0
97 363 -1 0
96 363 -1 0
95 363 -1 0
94 363 -1 0
93 363 -1 0
102 362 -1 0
101 362 -1 0
100 362 -1 0
99 362 -1 0
98 362 -1 0
97 362 -1 0
96 362 -1 0
95 362 -1 0
94 362 -1 0
103 361 -1 0
102 361 -1 0
101 361 -1 0
100 361 -1 0
99 361 -1 0
98 361 -1 0
97 361 -1 0
96 361 -1 0
95 361 -1 0
94 361 -1 0
93 361 -1 0
103 360 -1 0
102 360 -1 0
101 360 -1 0
100 360 -1 0
99 360 -1 0
98 360 -1 0
97 360 -1 0
96 360 -1 0
95 360 -1 0
94 360 -1 0
93 360 -1 0
103 359 -1 0
102 359 -1 0
101 359 -1 0
100 359 -1 0
99 359 -1 0
98 359 -1 0
97 359 -1 0
96 359 -1 0
95 359 -1 0
94 359 -1 0
93 359 -1 0
103 358 -1 0
102 358 -1 0
101 358 -1 0
100 358 -1 0
99 358 -1 0
98 358 -1 0
97 358 -1 0
96 358 -1 0
95 358 -1 0
94 358 -1 0
93 358 -1 0
92 358 -1 0
103 357 -1 0
102 357 -1 0
101 357 -1 0
100 357 -1 0
99 357 -1 0
98 357 -1 0
97 357 -1 0
96 357 -1 0
95 357 -1 0
94 357 -1 0
93 357 -1 0
92 357 -1 0
91 357 -1 0
103 356 -1 0
102 356 -1 0
101 356 -1 0
100 356 -1 0
99 356 -1 0
98 356 -1 0
97 356 -1 0
96 356 -1 0
95 356 -1 0
94 356 -1 0
93 356 -1 0
92 356 -1 0
91 356 -1 0
90 356 -1 0
103 355 -1 0
102 355 -1 0
101 355 -1 0
100 355 -1 0
99 355 -1 0
98 355 -1 0
97 355 -1 0
96 355 -1 0
95 355 -1 0
94 355 -1 0
93 355 -1 0
92 355 -1 0
91 355 -1 0
90 355 -1 0
89 355 -1 0
102 354 -1 0
101 354 -1 0
100 354 -1 0
99 354 -1 0
98 354 -1 0
97 354 -1 0
96 354 -1 0
95 354 -1 0
94 354 -1 0
93 354 -1 0
92 354 -1 0
91 354 -1 0
90 354 -1 0
89 354 -1 0
102 353 -1 0
101 353 -1 0
100 353 -1 0
99 353 -1 0
98 353 -1 0
97 353 -1 0
96 353 -1 0
95 353 -1 0
94 353 -1 0
93 353 -1 0
92 353 -1 0
91 353 -1 0
90 353 -1 0
89 353 -1 0
102 352 -1 0
101 352 -1 0
100 352 -1 0
99 352 -1 0
98 352 -1 0
97 352 -1 0
96 352 -1 0
95 352 -1 0
94 352 -1 0
93 352 -1 0
92 352 -1 0
91 352 -1 0
90 352 -1 0
89 352 -1 0
88 352 -1 0
101 351 -1 0
100 351 -1 0
99 351 -1 0
98 351 -1 0
97 351 -1 0
96 351 -1 0
95 351 -1 0
94 351 -1 0
93 351 -1 0
92 351 -1 0
91 351 -1 0
90 351 -1 0
89 351 -1 0
88 351 -1 0
99 350 -1 0
98 350 -1 0
97 350 -1 0
96 350 -1 0
95 350 -1 0
94 350 -1 0
93 350 -1 0
92 350 -1 0
91 350 -1 0
90 350 -1 0
89 350 -1 0
98 349 -1 0
97 349 -1 0
96 349 -1 0
95 349 -1 0
94 349 -1 0
93 349 -1 0
92 349 -1 0
91 349 -1 0
90 349 -1 0
89 349 -1 0
97 348 -1 0
96 348 -1 0
95 348 -1 0
94 348 -1 0
93 348 -1 0
92 348 -1 0
91 348 -1 0
90 348 -1 0
89 348 -1 0
96 347 -1 0
95 347 -1 0
94 347 -1 0
93 347 -1 0
92 347 -1 0
91 347 -1 0
90 347 -1 0
93 346 -1 0
196 176 -1 0
195 176 -1 0
194 176 -1 0
193 176 -1 0
192 176 -1 0
191 176 -1 0
190 176 -1 0
189 176 -1 0
188 176 -1 0
187 176 -1 0
186 176 -1 0
185 176 -1 0
184 176 -1 0
183 176 -1 0
182 176 -1 0
181 176 -1 0
180 176 -1 0
179 176 -1 0
199 175 -1 0
198 175 -1 0
197 175 -1 0
196 175 -1 0
195 175 -1 0
194 175 -1 0
193 175 -1 0
192 175 -1 0
191 175 -1 0
190 175 -1 0
189 175 -1 0
188 175 -1 0
187 175 -1 0
186 175 -1 0
185 175 -1 0
184 175 -1 0
183 175 -1 0
182 175 -1 0
181 175 -1 0
180 175 -1 0
179 175 -1 0
178 175 -1 0
177 175 -1 0
176 175 -1 0
175 175 -1 0
174 175 -1 0
200 174 -1 0
199 174 -1 0
198 174 -1 0
197 174 -1 0
196 174 -1 0
195 174 -1 0
194 174 -1 0
193 174 -1 0
192 174 -1 0
191 174 -1 0
190 174 -1 0
189 174 -1 0
188 174 -1 0
187 174 -1 0
186 174 -1 0
185 174 -1 0
184 174 -1 0
183 174 -1 0
182 174 -1 0
181 174 -1 0
180 174 -1 0
179 174 -1 0
178 174 -1 0
177 174 -1 0
176 174 -1 0
175 174 -1 0
174 174 -1 0
173 174 -1 0
172 174 -1 0
171 174 -1 0
170 174 -1 0
200 173 -1 0
199 173 -1 0
198 173 -1 0
197 173 -1 0
196 173 -1 0
195 173 -1 0
194 173 -1 0
193 173 -1 0
192 173 -1 0
191 173 -1 0
190 173 -1 0
189 173 -1 0
188 173 -1 0
187 173 -1 0
186 173 -1 0
185 173 -1 0
184 173 -1 0
183 173 -1 0
182 173 -1 0
181 173 -1 0
180 173 -1 0
179 173 -1 0
178 173 -1 0
177 173 -1 0
176 173 -1 0
175 173 -1 0
174 173 -1 0
173 173 -1 0
172 173 -1 0
171 173 -1 0
170 173 -1 0
169 173 -1 0
168 173 -1 0
167 173 -1 0
200 172 -1 0
199 172 -1 0
198 172 -1 0
197 172 -1 0
196 172 -1 0
195 172 -1 0
194 172 -1 0
193 172 -1 0
192 172 -1 0
191 172 -1 0
190 172 -1 0
189 172 -1 0
188 172 -1 0
187 172 -1 0
186 172 -1 0
185 172 -1 0
184 172 -1 0
183 172 -1 0
182 172 -1 0
181 172 -1 0
180 172 -1 0
179 172 -1 0
178 172 -1 0
177 172 -1 0
176 172 -1 0
175 172 -1 0
174 172 -1 0
173 172 -1 0
172 172 -1 0
171 172 -1 0
170 172 -1 0
169 172 -1 0
168 172 -1 0
167 172 -1 0
166 172 -1 0
165 172 -1 0
164 172 -1 0
201 171 -1 0
200 171 -1 0
199 171 -1 0
198 171 -1 0
197 171 -1 0
196 171 -1 0
195 171 -1 0
194 171 -1 0
193 171 -1 0
192 171 -1 0
191 171 -1 0
190 171 -1 0
189 171 -1 0
188 171 -1 0
187 171 -1 0
186 171 -1 0
185 171 -1 0
184 171 -1 0
183 171 -1 0
182 171 -1 0
181 171 -1 0
180 171 -1 0
179 171 -1 0
178 171 -1 0
177 171 -1 0
176 171 -1 0
175 171 -1 0
174 171 -1 0
173 171 -1 0
172 171 -1 0
171 171 -1 0
170 171 -1 0
169 171 -1 0
168 171 -1 0
167 171 -1 0
166 171 -1 0
165 171 -1 0
164 171 -1 0
163 171 -1 0
202 170 -1 0
201 170 -1 0
200 170 -1 0
199 170 -1 0
198 170 -1 0
197 170 -1 0
196 170 -1 0
195 170 -1 0
194 170 -1 0
193 170 -1 0
192 170 -1 0
191 170 -1 0
190 170 -1 0
189 170 -1 0
188 170 -1 0
187 170 -1 0
186 170 -1 0
185 170 -1 0
184 170 -1 0
183 170 -1 0
182 170 -1 0
181 170 -1 0
180 170 -1 0
179 170 -1 0
178 170 -1 0
177 170 -1 0
176 170 -1 0
175 170 -1 0
174 170 -1 0
173 170 -1 0
172 170 -1 0
171 170 -1 0
170 170 -1 0
169 170 -1 0
168 170 -1 0
167 170 -1 0
166 170 -1 0
165 170 -1 0
164 170 -1 0
163 170 -1 0
162 170 -1 0
203 169 -1 0
202 169 -1 0
201 169 -1 0
200 169 -1 0
199 169 -1 0
198 169 -1 0
197 169 -1 0
196 169 -1 0
195 169 -1 0
194 169 -1 0
193 169 -1 0
192 169 -1 0
191 169 -1 0
190 169 -1 0
189 169 -1 0
188 169 -1 0
187 169 -1 0
186 169 -1 0
185 169 -1 0
184 169 -1 0
183 169 -1 0
182 169 -1 0
181 169 -1 0
180 169 -1 0
179 169 -1 0
178 169 -1 0
177 169 -1 0
176 169 -1 0
175 169 -1 0
174 169 -1 0
173 169 -1 0
172 169 -1 0
171 169 -1 0
170 169 -1 0
169 169 -1 0
168 169 -1 0
167 169 -1 0
166 169 -1 0
165 169 -1 0
164 169 -1 0
163 169 -1 0
162 169 -1 0
161 169 -1 0
160 169 -1 0
204 168 -1 0
203 168 -1 0
202 168 -1 0
201 168 -1 0
200 168 -1 0
199 168 -1 0
198 168 -1 0
197 168 -1 0
196 168 -1 0
195 168 -1 0
194 168 -1 0
193 168 -1 0
192 168 -1 0
191 168 -1 0
190 168 -1 0
189 168 -1 0
188 168 -1 0
187 168 -1 0
186 168 -1 0
185 168 -1 0
184 168 -1 0
183 168 -1 0
182 168 -1 0
181 168 -1 0
180 168 -1 0
179 168 -1 0
178 168 -1 0
177 168 -1 0
176 168 -1 0
175 168 -1 0
174 168 -1 0
173 168 -1 0
172 168 -1 0
171 168 -1 0
170 168 -1 0
169 168 -1 0
168 168 -1 0
167 168 -1 0
166 168 -1 0
165 168 -1 0
164 168 -1 0
163 168 -1 0
162 168 -1 0
161 168 -1 0
160 168 -1 0
159 168 -1 0
158 168 -1 0
204 167 -1 0
203 167 -1 0
202 167 -1 0
201 167 -1 0
200 167 -1 0
199 167 -1 0
198 167 -1 0
197 167 -1 0
196 167 -1 0
195 167 -1 0
194 167 -1 0
193 167 -1 0
192 167 -1 0
191 167 -1 0
190 167 -1 0
189 167 -1 0
188 167 -1 0
187 167 -1 0
186 167 -1 0
185 167 -1 0
184 167 -1 0
183 167 -1 0
182 167 -1 0
181 167 -1 0
180 167 -1 0
179 167 -1 0
178 167 -1 0
177 167 -1 0
176 167 -1 0
175 167 -1 0
174 167 -1 0
173 167 -1 0
172 167 -1 0
171 167 -1 0
170 167 -1 0
169 167 -1 0
168 167 -1 0
167 167 -1 0
166 167 -1 0
165 167 -1 0
164 167 -1 0
163 167 -1 0
162 167 -1 0
161 167 -1 0
160 167 -1 0
159 167 -1 0
158 167 -1 0
157 167 -1 0
205 166 -1 0
204 166 -1 0
203 166 -1 0
202 166 -1 0
201 166 -1 0
200 166 -1 0
199 166 -1 0
198 166 -1 0
197 166 -1 0
196 166 -1 0
195 166 -1 0
194 166 -1 0
193 166 -1 0
192 166 -1 0
191 166 -1 0
190 166 -1 0
189 166 -1 0
188 166 -1 0
187 166 -1 0
186 166 -1 0
185 166 -1 0
184 166 -1 0
183 166 -1 0
182 166 -1 0
181 166 -1 0
180 166 -1 0
179 166 -1 0
178 166 -1 0
177 166 -1 0
176 166 -1 0
175 166 -1 0
174 166 -1 0
173 166 -1 0
172 166 -1 0
171 166 -1 0
170 166 -1 0
169 166 -1 0
168 166 -1 0
167 166 -1 0
166 166 -1 0
165 166 -1 0
164 166 -1 0
163 166 -1 0
162 166 -1 0
161 166 -1 0
160 166 -1 0
159 166 -1 0
158 166 -1 0
157 166 -1 0
156 166 -1 0
155 166 -1 0
206 165 -1 0
205 165 -1 0
204 165 -1 0
203 165 -1 0
202 165 -1 0
201 165 -1 0
200 165 -1 0
199 165 -1 0
198 165 -1 0
197 165 -1 0
196 165 -1 0
195 165 -1 0
194 165 -1 0
193 165 -1 0
192 165 -1 0
191 165 -1 0
190 165 -1 0
189 165 -1 0
178 165 -1 0
177 165 -1 0
176 165 -1 0
175 165 -1 0
174 165 -1 0
173 165 -1 0
172 165 -1 0
171 165 -1 0
170 165 -1 0
169 165 -1 0
168 165 -1 0
167 165 -1 0
166 165 -1 0
165 165 -1 0
164 165 -1 0
163 165 -1 0
162 165 -1 0
161 165 -1 0
160 165 -1 0
159 165 -1 0
158 165 -1 0
157 165 -1 0
156 165 -1 0
155 165 -1 0
154 165 -1 0
207 164 -1 0
206 164 -1 0
205 164 -1 0
204 164 -1 0
203 164 -1 0
202 164 -1 0
201 164 -1 0
200 164 -1 0
199 164 -1 0
198 164 -1 0
197 164 -1 0
196 164 -1 0
195 164 -1 0
194 164 -1 0
193 164 -1 0
192 164 -1 0
191 164 -1 0
174 164 -1 0
173 164 -1 0
172 164 -1 0
171 164 -1 0
170 164 -1 0
169 164 -1 0
168 164 -1 0
167 164 -1 0
166 164 -1 0
165 164 -1 0
164 164 -1 0
163 164 -1 0
162 164 -1 0
161 164 -1 0
160 164 -1 0
159 164 -1 0
158 164 -1 0
157 164 -1 0
156 164 -1 0
155 164 -1 0
154 164 -1 0
153 164 -1 0
208 163 -1 0
207 163 -1 0
206 163 -1 0
205 163 -1 0
204 163 -1 0
203 163 -1 0
202 163 -1 0
201 163 -1 0
200 163 -1 0
199 163 -1 0
198 163 -1 0
197 163 -1 0
196 163 -1 0
195 163 -1 0
194 163 -1 0
193 163 -1 0
171 163 -1 0
170 163 -1 0
169 163 -1 0
168 163 -1 0
167 163 -1 0
166 163 -1 0
165 163 -1 0
164 163 -1 0
163 163 -1 0
162 163 -1 0
161 163 -1 0
160 163 -1 0
159 163 -1 0
158 163 -1 0
157 163 -1 0
156 163 -1 0
155 163 -1 0
154 163 -1 0
153 163 -1 0
152 163 -1 0
151 163 -1 0
209 162 -1 0
208 162 -1 0
207 162 -1 0
206 162 -1 0
205 162 -1 0
204 162 -1 0
203 162 -1 0
202 162 -1 0
201 162 -1 0
200 162 -1 0
199 162 -1 0
198 162 -1 0
197 162 -1 0
196 162 -1 0
195 162 -1 0
170 162 -1 0
169 162 -1 0
168 162 -1 0
167 162 -1 0
166 162 -1 0
165 162 -1 0
164 162 -1 0
163 162 -1 0
162 162 -1 0
161 162 -1 0
160 162 -1 0
159 162 -1 0
158 162 -1 0
157 162 -1 0
156 162 -1 0
155 162 -1 0
154 162 -1 0
153 162 -1 0
152 162 -1 0
151 162 -1 0
150 162 -1 0
149 162 -1 0
214 161 -1 0
213 161 -1 0
210 161 -1 0
209 161 -1 0
208 161 -1 0
207 161 -1 0
206 161 -1 0
205 161 -1 0
204 161 -1 0
203 161 -1 0
202 161 -1 0
201 161 -1 0
200 161 -1 0
199 161 -1 0
198 161 -1 0
197 161 -1 0
196 161 -1 0
167 161 -1 0
166 161 -1 0
165 161 -1 0
164 161 -1 0
163 161 -1 0
162 161 -1 0
161 161 -1 0
160 161 -1 0
159 161 -1 0
158 161 -1 0
157 161 -1 0
156 161 -1 0
155 161 -1 0
154 161 -1 0
153 161 -1 0
152 161 -1 0
151 161 -1 0
150 161 -1 0
149 161 -1 0
148 161 -1 0
147 161 -1 0
217 160 -1 0
216 160 -1 0
215 160 -1 0
214 160 -1 0
213 160 -1 0
212 160 -1 0
211 160 -1 0
210 160 -1 0
209 160 -1 0
208 160 -1 0
207 160 -1 0
206 160 -1 0
205 160 -1 0
204 160 -1 0
203 160 -1 0
202 160 -1 0
201 160 -1 0
200 160 -1 0
199 160 -1 0
198 160 -1 0
197 160 -1 0
196 160 -1 0
165 160 -1 0
164 160 -1 0
163 160 -1 0
162 160 -1 0
161 160 -1 0
160 160 -1 0
159 160 -1 0
158 160 -1 0
157 160 -1 0
156 160 -1 0
155 160 -1 0
154 160 -1 0
153 160 -1 0
152 160 -1 0
151 160 -1 0
150 160 -1 0
149 160 -1 0
148 160 -1 0
147 160 -1 0
146 160 -1 0
145 160 -1 0
221 159 -1 0
220 159 -1 0
219 159 -1 0
218 159 -1 0
217 159 -1 0
216 159 -1 0
215 159 -1 0
214 159 -1 0
213 159 -1 0
212 159 -1 0
211 159 -1 0
210 159 -1 0
209 159 -1 0
208 159 -1 0
207 159 -1 0
206 159 -1 0
205 159 -1 0
204 159 -1 0
203 159 -1 0
202 159 -1 0
201 159 -1 0
200 159 -1 0
199 159 -1 0
198 159 -1 0
197 159 -1 0
164 159 -1 0
163 159 -1 0
162 159 -1 0
161 159 -1 0
160 159 -1 0
159 159 -1 0
158 159 -1 0
157 159 -1 0
156 159 -1 0
155 159 -1 0
154 159 -1 0
153 159 -1 0
152 159 -1 0
151 159 -1 0
150 159 -1 0
149 159 -1 0
148 159 -1 0
147 159 -1 0
146 159 -1 0
145 159 -1 0
144 159 -1 0
143 159 -1 0
224 158 -1 0
223 158 -1 0
222 158 -1 0
221 158 -1 0
220 158 -1 0
219 158 -1 0
218 158 -1 0
217 158 -1 0
216 158 -1 0
215 158 -1 0
214 158 -1 0
213 158 -1 0
212 158 -1 0
211 158 -1 0
210 158 -1 0
209 158 -1 0
208 158 -1 0
207 158 -1 0
206 158 -1 0
205 158 -1 0
204 158 -1 0
203 158 -1 0
202 158 -1 0
201 158 -1 0
200 158 -1 0
199 158 -1 0
198 158 -1 0
163 158 -1 0
162 158 -1 0
161 158 -1 0
160 158 -1 0
159 158 -1 0
158 158 -1 0
157 158 -1 0
156 158 -1 0
155 158 -1 0
154 158 -1 0
153 158 -1 0
152 158 -1 0
151 158 -1 0
150 158 -1 0
149 158 -1 0
148 158 -1 0
147 158 -1 0
146 158 -1 0
145 158 -1 0
144 158 -1 0
143 158 -1 0
142 158 -1 0
141 158 -1 0
225 157 -1 0
224 157 -1 0
223 157 -1 0
222 157 -1 0
221 157 -1 0
220 157 -1 0
219 157 -1 0
218 157 -1 0
217 157 -1 0
216 157 -1 0
215 157 -1 0
214 157 -1 0
213 157 -1 0
212 157 -1 0
211 157 -1 0
210 157 -1 0
209 157 -1 0
208 157 -1 0
207 157 -1 0
206 157 -1 0
205 157 -1 0
204 157 -1 0
203 157 -1 0
202 157 -1 0
201 157 -1 0
200 157 -1 0
199 157 -1 0
198 157 -1 0
161 157 -1 0
160 157 -1 0
159 157 -1 0
158 157 -1 0
157 157 -1 0
156 157 -1 0
155 157 -1 0
154 157 -1 0
153 157 -1 0
152 157 -1 0
151 157 -1 0
150 157 -1 0
149 157 -1 0
148 157 -1 0
147 157 -1 0
146 157 -1 0
145 157 -1 0
144 157 -1 0
143 157 -1 0
142 157 -1 0
141 157 -1 0
140 157 -1 0
226 156 -1 0
225 156 -1 0
224 156 -1 0
223 156 -1 0
222 156 -1 0
221 156 -1 0
220 156 -1 0
219 156 -1 0
218 156 -1 0
217 156 -1 0
216 156 -1 0
215 156 -1 0
214 156 -1 0
213 156 -1 0
212 156 -1 0
211 156 -1 0
210 156 -1 0
209 156 -1 0
208 156 -1 0
207 156 -1 0
206 156 -1 0
205 156 -1 0
204 156 -1 0
203 156 -1 0
202 156 -1 0
201 156 -1 0
200 156 -1 0
199 156 -1 0
160 156 -1 0
159 156 -1 0
158 156 -1 0
157 156 -1 0
156 156 -1 0
155 156 -1 0
154 156 -1 0
153 156 -1 0
152 156 -1 0
151 156 -1 0
150 156 -1 0
149 156 -1 0
148 156 -1 0
147 156 -1 0
146 156 -1 0
145 156 -1 0
144 156 -1 0
143 156 -1 0
142 156 -1 0
141 156 -1 0
140 156 -1 0
139 156 -1 0
229 155 -1 0
228 155 -1 0
227 155 -1 0
226 155 -1 0
225 155 -1 0
224 155 -1 0
223 155 -1 0
222 155 -1 0
221 155 -1 0
220 155 -1 0
219 155 -1 0
218 155 -1 0
217 155 -1 0
216 155 -1 0
215 155 -1 0
214 155 -1 0
213 155 -1 0
212 155 -1 0
211 155 -1 0
210 155 -1 0
209 155 -1 0
208 155 -1 0
207 155 -1 0
206 155 -1 0
205 155 -1 0
204 155 -1 0
203 155 -1 0
202 155 -1 0
201 155 -1 0
158 155 -1 0
157 155 -1 0
156 155 -1 0
155 155 -1 0
154 155 -1 0
153 155 -1 0
152 155 -1 0
151 155 -1 0
150 155 -1 0
149 155 -1 0
148 155 -1 0
147 155 -1 0
146 155 -1 0
145 155 -1 0
144 155 -1 0
143 155 -1 0
142 155 -1 0
141 155 -1 0
140 155 -1 0
139 155 -1 0
138 155 -1 0
235 154 -1 0
234 154 -1 0
232 154 -1 0
231 154 -1 0
230 154 -1 0
229 154 -1 0
228 154 -1 0
227 154 -1 0
226 154 -1 0
225 154 -1 0
224 154 -1 0
223 154 -1 0
222 154 -1 0
221 154 -1 0
220 154 -1 0
219 154 -1 0
218 154 -1 0
217 154 -1 0
216 154 -1 0
215 154 -1 0
214 154 -1 0
213 154 -1 0
212 154 -1 0
211 154 -1 0
210 154 -1 0
209 154 -1 0
208 154 -1 0
207 154 -1 0
206 154 -1 0
205 154 -1 0
204 154 -1 0
203 154 -1 0
202 154 -1 0
156 154 -1 0
155 154 -1 0
154 154 -1 0
153 154 -1 0
152 154 -1 0
151 154 -1 0
150 154 -1 0
149 154 -1 0
148 154 -1 0
147 154 -1 0
146 154 -1 0
145 154 -1 0
144 154 -1 0
143 154 -1 0
142 154 -1 0
141 154 -1 0
140 154 -1 0
139 154 -1 0
138 154 -1 0
137 154 -1 0
238 153 -1 0
237 153 -1 0
236 153 -1 0
235 153 -1 0
234 153 -1 0
233 153 -1 0
232 153 -1 0
231 153 -1 0
230 153 -1 0
229 153 -1 0
228 153 -1 0
227 153 -1 0
226 153 -1 0
225 153 -1 0
224 153 -1 0
223 153 -1 0
222 153 -1 0
221 153 -1 0
220 153 -1 0
219 153 -1 0
218 153 -1 0
217 153 -1 0
216 153 -1 0
215 153 -1 0
214 153 -1 0
213 153 -1 0
212 153 -1 0
211 153 -1 0
210 153 -1 0
209 153 -1 0
208 153 -1 0
207 153 -1 0
206 153 -1 0
205 153 -1 0
204 153 -1 0
203 153 -1 0
155 153 -1 0
154 153 -1 0
153 153 -1 0
152 153 -1 0
151 153 -1 0
150 153 -1 0
149 153 -1 0
148 153 -1 0
147 153 -1 0
146 153 -1 0
145 153 -1 0
144 153 -1 0
143 153 -1 0
142 153 -1 0
141 153 -1 0
140 153 -1 0
139 153 -1 0
138 153 -1 0
137 153 -1 0
136 153 -1 0
241 152 -1 0
240 152 -1 0
239 152 -1 0
238 152 -1 0
237 152 -1 0
236 152 -1 0
235 152 -1 0
234 152 -1 0
233 152 -1 0
232 152 -1 0
231 152 -1 0
230 152 -1 0
229 152 -1 0
228 152 -1 0
227 152 -1 0
226 152 -1 0
225 152 -1 0
224 152 -1 0
223 152 -1 0
222 152 -1 0
221 152 -1 0
220 152 -1 0
219 152 -1 0
218 152 -1 0
217 152 -1 0
216 152 -1 0
215 152 -1 0
214 152 -1 0
213 152 -1 0
212 152 -1 0
211 152 -1 0
210 152 -1 0
209 152 -1 0
208 152 -1 0
207 152 -1 0
206 152 -1 0
205 152 -1 0
204 152 -1 0
153 152 -1 0
152 152 -1 0
151 152 -1 0
150 152 -1 0
149 152 -1 0
148 152 -1 0
147 152 -1 0
146 152 -1 0
145 152 -1 0
144 152 -1 0
143 152 -1 0
142 152 -1 0
141 152 -1 0
140 152 -1 0
139 152 -1 0
138 152 -1 0
137 152 -1 0
136 152 -1 0
135 152 -1 0
242 151 -1 0
241 151 -1 0
240 151 -1 0
239 151 -1 0
238 151 -1 0
237 151 -1 0
236 151 -1 0
235 151 -1 0
234 151 -1 0
233 151 -1 0
232 151 -1 0
231 151 -1 0
230 151 -1 0
229 151 -1 0
228 151 -1 0
227 151 -1 0
226 151 -1 0
225 151 -1 0
224 151 -1 0
223 151 -1 0
222 151 -1 0
221 151 -1 0
220 151 -1 0
219 151 -1 0
218 151 -1 0
217 151 -1 0
216 151 -1 0
215 151 -1 0
214 151 -1 0
213 151 -1 0
212 151 -1 0
211 151 -1 0
210 151 -1 0
209 151 -1 0
208 151 -1 0
207 151 -1 0
206 151 -1 0
205 151 -1 0
150 151 -1 0
149 151 -1 0
148 151 -1 0
147 151 -1 0
146 151 -1 0
145 151 -1 0
144 151 -1 0
143 151 -1 0
142 151 -1 0
141 151 -1 0
140 151 -1 0
139 151 -1 0
138 151 -1 0
137 151 -1 0
136 151 -1 0
135 151 -1 0
134 151 -1 0
133 151 -1 0
132 151 -1 0
246 150 -1 0
245 150 -1 0
244 150 -1 0
243 150 -1 0
242 150 -1 0
241 150 -1 0
240 150 -1 0
239 150 -1 0
238 150 -1 0
237 150 -1 0
236 150 -1 0
235 150 -1 0
234 150 -1 0
233 150 -1 0
232 150 -1 0
231 150 -1 0
230 150 -1 0
229 150 -1 0
228 150 -1 0
227 150 -1 0
226 150 -1 0
225 150 -1 0
224 150 -1 0
223 150 -1 0
222 150 -1 0
221 150 -1 0
220 150 -1 0
219 150 -1 0
218 150 -1 0
217 150 -1 0
216 150 -1 0
215 150 -1 0
214 150 -1 0
213 150 -1 0
212 150 -1 0
211 150 -1 0
210 150 -1 0
209 150 -1 0
208 150 -1 0
207 150 -1 0
206 150 -1 0
148 150 -1 0
147 150 -1 0
146 150 -1 0
145 150 -1 0
144 150 -1 0
143 150 -1 0
142 150 -1 0
141 150 -1 0
140 150 -1 0
139 150 -1 0
138 150 -1 0
137 150 -1 0
136 150 -1 0
135 150 -1 0
134 150 -1 0
133 150 -1 0
132 150 -1 0
131 150 -1 0
250 149 -1 0
249 149 -1 0
248 149 -1 0
247 149 -1 0
246 149 -1 0
245 149 -1 0
244 149 -1 0
243 149 -1 0
242 149 -1 0
241 149 -1 0
240 149 -1 0
239 149 -1 0
238 149 -1 0
237 149 -1 0
236 149 -1 0
235 149 -1 0
234 149 -1 0
233 149 -1 0
232 149 -1 0
231 149 -1 0
230 149 -1 0
229 149 -1 0
228 149 -1 0
227 149 -1 0
226 149 -1 0
225 149 -1 0
224 149 -1 0
223 149 -1 0
222 149 -1 0
221 149 -1 0
220 149 -1 0
219 149 -1 0
218 149 -1 0
217 149 -1 0
216 149 -1 0
215 149 -1 0
214 149 -1 0
213 149 -1 0
212 149 -1 0
211 149 -1 0
210 149 -1 0
209 149 -1 0
147 149 -1 0
146 149 -1 0
145 149 -1 0
144 149 -1 0
143 149 -1 0
142 149 -1 0
141 149 -1 0
140 149 -1 0
139 149 -1 0
138 149 -1 0
137 149 -1 0
136 149 -1 0
135 149 -1 0
134 149 -1 0
133 149 -1 0
132 149 -1 0
131 149 -1 0
130 149 -1 0
129 149 -1 0
128 149 -1 0
253 148 -1 0
252 148 -1 0
251 148 -1 0
250 148 -1 0
249 148 -1 0
248 148 -1 0
247 148 -1 0
246 148 -1 0
245 148 -1 0
244 148 -1 0
243 148 -1 0
242 148 -1 0
241 148 -1 0
240 148 -1 0
239 148 -1 0
238 148 -1 0
237 148 -1 0
236 148 -1 0
235 148 -1 0
234 148 -1 0
233 148 -1 0
232 148 -1 0
231 148 -1 0
230 148 -1 0
229 148 -1 0
228 148 -1 0
227 148 -1 0
226 148 -1 0
225 148 -1 0
224 148 -1 0
223 148 -1 0
222 148 -1 0
221 148 -1 0
220 148 -1 0
219 148 -1 0
218 148 -1 0
217 148 -1 0
216 148 -1 0
215 148 -1 0
214 148 -1 0
213 148 -1 0
212 148 -1 0
211 148 -1 0
210 148 -1 0
147 148 -1 0
146 148 -1 0
145 148 -1 0
144 148 -1 0
143 148 -1 0
142 148 -1 0
141 148 -1 0
140 148 -1 0
139 148 -1 0
138 148 -1 0
137 148 -1 0
136 148 -1 0
135 148 -1 0
134 148 -1 0
133 148 -1 0
132 148 -1 0
131 148 -1 0
130 148 -1 0
129 148 -1 0
128 148 -1 0
127 148 -1 0
254 147 -1 0
253 147 -1 0
252 147 -1 0
251 147 -1 0
250 147 -1 0
249 147 -1 0
248 147 -1 0
247 147 -1 0
246 147 -1 0
245 147 -1 0
244 147 -1 0
243 147 -1 0
242 147 -1 0
241 147 -1 0
240 147 -1 0
239 147 -1 0
238 147 -1 0
237 147 -1 0
236 147 -1 0
235 147 -1 0
234 147 -1 0
233 147 -1 0
232 147 -1 0
231 147 -1 0
230 147 -1 0
229 147 -1 0
228 147 -1 0
227 147 -1 0
226 147 -1 0
225 147 -1 0
224 147 -1 0
223 147 -1 0
222 147 -1 0
221 147 -1 0
214 147 -1 0
213 147 -1 0
146 147 -1 0
145 147 -1 0
144 147 -1 0
143 147 -1 0
142 147 -1 0
141 147 -1 0
140 147 -1 0
139 147 -1 0
138 147 -1 0
137 147 -1 0
136 147 -1 0
135 147 -1 0
134 147 -1 0
133 147 -1 0
132 147 -1 0
131 147 -1 0
130 147 -1 0
129 147 -1 0
128 147 -1 0
127 147 -1 0
126 147 -1 0
125 147 -1 0
256 146 -1 0
255 146 -1 0
254 146 -1 0
253 146 -1 0
252 146 -1 0
251 146 -1 0
250 146 -1 0
249 146 -1 0
248 146 -1 0
247 146 -1 0
246 146 -1 0
245 146 -1 0
244 146 -1 0
243 146 -1 0
242 146 -1 0
241 146 -1 0
240 146 -1 0
239 146 -1 0
238 146 -1 0
237 146 -1 0
236 146 -1 0
235 146 -1 0
234 146 -1 0
233 146 -1 0
232 146 -1 0
231 146 -1 0
230 146 -1 0
229 146 -1 0
228 146 -1 0
227 146 -1 0
226 146 -1 0
225 146 -1 0
224 146 -1 0
144 146 -1 0
143 146 -1 0
142 146 -1 0
141 146 -1 0
140 146 -1 0
139 146 -1 0
138 146 -1 0
137 146 -1 0
136 146 -1 0
135 146 -1 0
134 146 -1 0
133 146 -1 0
132 146 -1 0
131 146 -1 0
130 146 -1 0
129 146 -1 0
128 146 -1 0
127 146 -1 0
126 146 -1 0
125 146 -1 0
124 146 -1 0
258 145 -1 0
257 145 -1 0
256 145 -1 0
255 145 -1 0
254 145 -1 0
253 145 -1 0
252 145 -1 0
251 145 -1 0
250 145 -1 0
249 145 -1 0
248 145 -1 0
247 145 -1 0
246 145 -1 0
245 145 -1 0
244 145 -1 0
243 145 -1 0
242 145 -1 0
241 145 -1 0
240 145 -1 0
239 145 -1 0
238 145 -1 0
237 145 -1 0
236 145 -1 0
235 145 -1 0
234 145 -1 0
233 145 -1 0
232 145 -1 0
231 145 -1 0
230 145 -1 0
229 145 -1 0
228 145 -1 0
227 145 -1 0
143 145 -1 0
142 145 -1 0
141 145 -1 0
140 145 -1 0
139 145 -1 0
138 145 -1 0
137 145 -1 0
136 145 -1 0
135 145 -1 0
134 145 -1 0
133 145 -1 0
132 145 -1 0
131 145 -1 0
130 145 -1 0
129 145 -1 0
128 145 -1 0
127 145 -1 0
126 145 -1 0
125 145 -1 0
124 145 -1 0
259 144 -1 0
258 144 -1 0
257 144 -1 0
256 144 -1 0
255 144 -1 0
254 144 -1 0
253 144 -1 0
252 144 -1 0
251 144 -1 0
250 144 -1 0
249 144 -1 0
248 144 -1 0
247 144 -1 0
246 144 -1 0
245 144 -1 0
244 144 -1 0
243 144 -1 0
242 144 -1 0
241 144 -1 0
240 144 -1 0
239 144 -1 0
238 144 -1 0
237 144 -1 0
236 144 -1 0
235 144 -1 0
234 144 -1 0
233 144 -1 0
232 144 -1 0
231 144 -1 0
230 144 -1 0
142 144 -1 0
141 144 -1 0
140 144 -1 0
139 144 -1 0
138 144 -1 0
137 144 -1 0
136 144 -1 0
135 144 -1 0
134 144 -1 0
133 144 -1 0
132 144 -1 0
131 144 -1 0
130 144 -1 0
129 144 -1 0
128 144 -1 0
127 144 -1 0
126 144 -1 0
125 144 -1 0
124 144 -1 0
123 144 -1 0
260 143 -1 0
259 143 -1 0
258 143 -1 0
257 143 -1 0
256 143 -1 0
255 143 -1 0
254 143 -1 0
253 143 -1 0
252 143 -1 0
251 143 -1 0
250 143 -1 0
249 143 -1 0
248 143 -1 0
247 143 -1 0
246 143 -1 0
245 143 -1 0
244 143 -1 0
243 143 -1 0
242 143 -1 0
241 143 -1 0
240 143 -1 0
239 143 -1 0
238 143 -1 0
237 143 -1 0
236 143 -1 0
235 143 -1 0
234 143 -1 0
141 143 -1 0
140 143 -1 0
139 143 -1 0
138 143 -1 0
137 143 -1 0
136 143 -1 0
135 143 -1 0
134 143 -1 0
133 143 -1 0
132 143 -1 0
131 143 -1 0
130 143 -1 0
129 143 -1 0
128 143 -1 0
127 143 -1 0
126 143 -1 0
125 143 -1 0
124 143 -1 0
123 143 -1 0
122 143 -1 0
261 142 -1 0
260 142 -1 0
259 142 -1 0
258 142 -1 0
257 142 -1 0
256 142 -1 0
255 142 -1 0
254 142 -1 0
253 142 -1 0
252 142 -1 0
251 142 -1 0
250 142 -1 0
249 142 -1 0
248 142 -1 0
247 142 -1 0
246 142 -1 0
245 142 -1 0
244 142 -1 0
243 142 -1 0
242 142 -1 0
241 142 -1 0
240 142 -1 0
239 142 -1 0
238 142 -1 0
237 142 -1 0
236 142 -1 0
235 142 -1 0
138 142 -1 0
137 142 -1 0
136 142 -1 0
135 142 -1 0
134 142 -1 0
133 142 -1 0
132 142 -1 0
131 142 -1 0
130 142 -1 0
129 142 -1 0
128 142 -1 0
127 142 -1 0
126 142 -1 0
125 142 -1 0
124 142 -1 0
123 142 -1 0
122 142 -1 0
121 142 -1 0
262 141 -1 0
261 141 -1 0
260 141 -1 0
259 141 -1 0
258 141 -1 0
257 141 -1 0
256 141 -1 0
255 141 -1 0
254 141 -1 0
253 141 -1 0
252 141 -1 0
251 141 -1 0
250 141 -1 0
249 141 -1 0
248 141 -1 0
247 141 -1 0
246 141 -1 0
245 141 -1 0
244 141 -1 0
243 141 -1 0
242 141 -1 0
241 141 -1 0
240 141 -1 0
239 141 -1 0
238 141 -1 0
137 141 -1 0
136 141 -1 0
135 141 -1 0
134 141 -1 0
133 141 -1 0
132 141 -1 0
131 141 -1 0
130 141 -1 0
129 141 -1 0
128 141 -1 0
127 141 -1 0
126 141 -1 0
125 141 -1 0
124 141 -1 0
123 141 -1 0
122 141 -1 0
121 141 -1 0
120 141 -1 0
263 140 -1 0
262 140 -1 0
261 140 -1 0
260 140 -1 0
259 140 -1 0
258 140 -1 0
257 140 -1 0
256 140 -1 0
255 140 -1 0
254 140 -1 0
253 140 -1 0
252 140 -1 0
251 140 -1 0
250 140 -1 0
249 140 -1 0
248 140 -1 0
247 140 -1 0
246 140 -1 0
245 140 -1 0
244 140 -1 0
243 140 -1 0
242 140 -1 0
134 140 -1 0
133 140 -1 0
132 140 -1 0
131 140 -1 0
130 140 -1 0
129 140 -1 0
128 140 -1 0
127 140 -1 0
126 140 -1 0
125 140 -1 0
124 140 -1 0
123 140 -1 0
122 140 -1 0
121 140 -1 0
120 140 -1 0
119 140 -1 0
264 139 -1 0
263 139 -1 0
262 139 -1 0
261 139 -1 0
260 139 -1 0
259 139 -1 0
258 139 -1 0
257 139 -1 0
256 139 -1 0
255 139 -1 0
254 139 -1 0
253 139 -1 0
252 139 -1 0
251 139 -1 0
250 139 -1 0
249 139 -1 0
248 139 -1 0
247 139 -1 0
246 139 -1 0
133 139 -1 0
132 139 -1 0
131 139 -1 0
130 139 -1 0
129 139 -1 0
128 139 -1 0
127 139 -1 0
126 139 -1 0
125 139 -1 0
124 139 -1 0
123 139 -1 0
122 139 -1 0
121 139 -1 0
120 139 -1 0
119 139 -1 0
118 139 -1 0
264 138 -1 0
263 138 -1 0
262 138 -1 0
261 138 -1 0
260 138 -1 0
259 138 -1 0
258 138 -1 0
257 138 -1 0
256 138 -1 0
255 138 -1 0
254 138 -1 0
253 138 -1 0
252 138 -1 0
251 138 -1 0
250 138 -1 0
249 138 -1 0
248 138 -1 0
247 138 -1 0
132 138 -1 0
131 138 -1 0
130 138 -1 0
129 138 -1 0
128 138 -1 0
127 138 -1 0
126 138 -1 0
125 138 -1 0
124 138 -1 0
123 138 -1 0
122 138 -1 0
121 138 -1 0
120 138 -1 0
119 138 -1 0
118 138 -1 0
266 137 -1 0
265 137 -1 0
264 137 -1 0
263 137 -1 0
262 137 -1 0
261 137 -1 0
260 137 -1 0
259 137 -1 0
258 137 -1 0
257 137 -1 0
256 137 -1 0
255 137 -1 0
254 137 -1 0
253 137 -1 0
252 137 -1 0
251 137 -1 0
250 137 -1 0
131 137 -1 0
130 137 -1 0
129 137 -1 0
128 137 -1 0
127 137 -1 0
126 137 -1 0
125 137 -1 0
124 137 -1 0
123 137 -1 0
122 137 -1 0
121 137 -1 0
120 137 -1 0
119 137 -1 0
118 137 -1 0
267 136 -1 0
266 136 -1 0
265 136 -1 0
264 136 -1 0
263 136 -1 0
262 136 -1 0
261 136 -1 0
260 136 -1 0
259 136 -1 0
258 136 -1 0
257 136 -1 0
256 136 -1 0
255 136 -1 0
254 136 -1 0
253 136 -1 0
252 136 -1 0
130 136 -1 0
129 136 -1 0
128 136 -1 0
127 136 -1 0
126 136 -1 0
125 136 -1 0
124 136 -1 0
123 136 -1 0
122 136 -1 0
121 136 -1 0
120 136 -1 0
119 136 -1 0
118 136 -1 0
117 136 -1 0
116 136 -1 0
268 135 -1 0
267 135 -1 0
266 135 -1 0
265 135 -1 0
264 135 -1 0
263 135 -1 0
262 135 -1 0
261 135 -1 0
260 135 -1 0
259 135 -1 0
258 135 -1 0
257 135 -1 0
256 135 -1 0
255 135 -1 0
254 135 -1 0
253 135 -1 0
129 135 -1 0
128 135 -1 0
127 135 -1 0
126 135 -1 0
125 135 -1 0
124 135 -1 0
123 135 -1 0
122 135 -1 0
121 135 -1 0
120 135 -1 0
119 135 -1 0
118 135 -1 0
117 135 -1 0
116 135 -1 0
115 135 -1 0
269 134 -1 0
268 134 -1 0
267 134 -1 0
266 134 -1 0
265 134 -1 0
264 134 -1 0
263 134 -1 0
262 134 -1 0
261 134 -1 0
260 134 -1 0
259 134 -1 0
258 134 -1 0
257 134 -1 0
256 134 -1 0
255 134 -1 0
254 134 -1 0
127 134 -1 0
126 134 -1 0
125 134 -1 0
124 134 -1 0
123 134 -1 0
122 134 -1 0
121 134 -1 0
120 134 -1 0
119 134 -1 0
118 134 -1 0
117 134 -1 0
116 134 -1 0
115 134 -1 0
270 133 -1 0
269 133 -1 0
268 133 -1 0
267 133 -1 0
266 133 -1 0
265 133 -1 0
264 133 -1 0
263 133 -1 0
262 133 -1 0
261 133 -1 0
260 133 -1 0
259 133 -1 0
258 133 -1 0
257 133 -1 0
256 133 -1 0
255 133 -1 0
127 133 -1 0
126 133 -1 0
125 133 -1 0
124 133 -1 0
123 133 -1 0
122 133 -1 0
121 133 -1 0
120 133 -1 0
119 133 -1 0
118 133 -1 0
117 133 -1 0
116 133 -1 0
115 133 -1 0
114 133 -1 0
53 133 -1 0
270 132 -1 0
269 132 -1 0
268 132 -1 0
267 132 -1 0
266 132 -1 0
265 132 -1 0
264 132 -1 0
263 132 -1 0
262 132 -1 0
261 132 -1 0
260 132 -1 0
259 132 -1 0
258 132 -1 0
257 132 -1 0
256 132 -1 0
126 132 -1 0
125 132 -1 0
124 132 -1 0
123 132 -1 0
122 132 -1 0
121 132 -1 0
120 132 -1 0
119 132 -1 0
118 132 -1 0
117 132 -1 0
116 132 -1 0
115 132 -1 0
114 132 -1 0
113 132 -1 0
56 132 -1 0
55 132 -1 0
54 132 -1 0
53 132 -1 0
52 132 -1 0
51 132 -1 0
50 132 -1 0
271 131 -1 0
270 131 -1 0
269 131 -1 0
268 131 -1 0
267 131 -1 0
266 131 -1 0
265 131 -1 0
264 131 -1 0
263 131 -1 0
262 131 -1 0
261 131 -1 0
260 131 -1 0
259 131 -1 0
258 131 -1 0
257 131 -1 0
256 131 -1 0
125 131 -1 0
124 131 -1 0
123 131 -1 0
122 131 -1 0
121 131 -1 0
120 131 -1 0
119 131 -1 0
118 131 -1 0
117 131 -1 0
116 131 -1 0
115 131 -1 0
114 131 -1 0
113 131 -1 0
112 131 -1 0
57 131 -1 0
56 131 -1 0
55 131 -1 0
54 131 -1 0
53 131 -1 0
52 131 -1 0
51 131 -1 0
50 131 -1 0
49 131 -1 0
272 130 -1 0
271 130 -1 0
270 130 -1 0
269 130 -1 0
268 130 -1 0
267 130 -1 0
266 130 -1 0
265 130 -1 0
264 130 -1 0
263 130 -1 0
262 130 -1 0
261 130 -1 0
260 130 -1 0
259 130 -1 0
258 130 -1 0
257 130 -1 0
125 130 -1 0
124 130 -1 0
123 130 -1 0
122 130 -1 0
121 130 -1 0
120 130 -1 0
119 130 -1 0
118 130 -1 0
117 130 -1 0
116 130 -1 0
115 130 -1 0
114 130 -1 0
113 130 -1 0
112 130 -1 0
111 130 -1 0
57 130 -1 0
56 130 -1 0
55 130 -1 0
54 130 -1 0
53 130 -1 0
52 130 -1 0
51 130 -1 0
50 130 -1 0
49 130 -1 0
273 129 -1 0
272 129 -1 0
271 129 -1 0
270 129 -1 0
269 129 -1 0
268 129 -1 0
267 129 -1 0
266 129 -1 0
265 129 -1 0
264 129 -1 0
263 129 -1 0
262 129 -1 0
261 129 -1 0
260 129 -1 0
259 129 -1 0
258 129 -1 0
124 129 -1 0
123 129 -1 0
122 129 -1 0
121 129 -1 0
120 129 -1 0
119 129 -1 0
118 129 -1 0
117 129 -1 0
116 129 -1 0
115 129 -1 0
114 129 -1 0
113 129 -1 0
112 129 -1 0
111 129 -1 0
57 129 -1 0
56 129 -1 0
55 129 -1 0
54 129 -1 0
53 129 -1 0
52 129 -1 0
51 129 -1 0
50 129 -1 0
49 129 -1 0
273 128 -1 0
272 128 -1 0
271 128 -1 0
270 128 -1 0
269 128 -1 0
268 128 -1 0
267 128 -1 0
266 128 -1 0
265 128 -1 0
264 128 -1 0
263 128 -1 0
262 128 -1 0
261 128 -1 0
260 128 -1 0
122 128 -1 0
121 128 -1 0
120 128 -1 0
119 128 -1 0
118 128 -1 0
117 128 -1 0
116 128 -1 0
115 128 -1 0
114 128 -1 0
113 128 -1 0
112 128 -1 0
111 128 -1 0
110 128 -1 0
109 128 -1 0
58 128 -1 0
57 128 -1 0
56 128 -1 0
55 128 -1 0
54 128 -1 0
53 128 -1 0
52 128 -1 0
51 128 -1 0
50 128 -1 0
49 128 -1 0
48 128 -1 0
274 127 -1 0
273 127 -1 0
272 127 -1 0
271 127 -1 0
270 127 -1 0
269 127 -1 0
268 127 -1 0
267 127 -1 0
266 127 -1 0
265 127 -1 0
264 127 -1 0
263 127 -1 0
262 127 -1 0
261 127 -1 0
122 127 -1 0
121 127 -1 0
120 127 -1 0
119 127 -1 0
118 127 -1 0
117 127 -1 0
116 127 -1 0
115 127 -1 0
114 127 -1 0
113 127 -1 0
112 127 -1 0
111 127 -1 0
110 127 -1 0
109 127 -1 0
108 127 -1 0
107 127 -1 0
58 127 -1 0
57 127 -1 0
56 127 -1 0
55 127 -1 0
54 127 -1 0
53 127 -1 0
52 127 -1 0
51 127 -1 0
50 127 -1 0
49 127 -1 0
48 127 -1 0
274 126 -1 0
273 126 -1 0
272 126 -1 0
271 126 -1 0
270 126 -1 0
269 126 -1 0
268 126 -1 0
267 126 -1 0
266 126 -1 0
265 126 -1 0
264 126 -1 0
263 126 -1 0
262 126 -1 0
122 126 -1 0
121 126 -1 0
120 126 -1 0
119 126 -1 0
118 126 -1 0
117 126 -1 0
116 126 -1 0
115 126 -1 0
114 126 -1 0
113 126 -1 0
112 126 -1 0
111 126 -1 0
110 126 -1 0
109 126 -1 0
108 126 -1 0
107 126 -1 0
106 126 -1 0
58 126 -1 0
57 126 -1 0
56 126 -1 0
55 126 -1 0
54 126 -1 0
53 126 -1 0
52 126 -1 0
51 126 -1 0
50 126 -1 0
49 126 -1 0
48 126 -1 0
276 125 -1 0
275 125 -1 0
274 125 -1 0
273 125 -1 0
272 125 -1 0
271 125 -1 0
270 125 -1 0
269 125 -1 0
268 125 -1 0
267 125 -1 0
266 125 -1 0
265 125 -1 0
264 125 -1 0
263 125 -1 0
262 125 -1 0
121 125 -1 0
120 125 -1 0
119 125 -1 0
118 125 -1 0
117 125 -1 0
116 125 -1 0
115 125 -1 0
114 125 -1 0
113 125 -1 0
112 125 -1 0
111 125 -1 0
110 125 -1 0
109 125 -1 0
108 125 -1 0
107 125 -1 0
106 125 -1 0
105 125 -1 0
104 125 -1 0
58 125 -1 0
57 125 -1 0
56 125 -1 0
55 125 -1 0
54 125 -1 0
53 125 -1 0
52 125 -1 0
51 125 -1 0
50 125 -1 0
49 125 -1 0
48 125 -1 0
277 124 -1 0
276 124 -1 0
275 124 -1 0
274 124 -1 0
273 124 -1 0
272 124 -1 0
271 124 -1 0
270 124 -1 0
269 124 -1 0
268 124 -1 0
267 124 -1 0
266 124 -1 0
265 124 -1 0
264 124 -1 0
263 124 -1 0
119 124 -1 0
118 124 -1 0
117 124 -1 0
116 124 -1 0
115 124 -1 0
114 124 -1 0
113 124 -1 0
112 124 -1 0
111 124 -1 0
110 124 -1 0
109 124 -1 0
108 124 -1 0
107 124 -1 0
106 124 -1 0
105 124 -1 0
104 124 -1 0
103 124 -1 0
58 124 -1 0
57 124 -1 0
56 124 -1 0
55 124 -1 0
54 124 -1 0
53 124 -1 0
52 124 -1 0
51 124 -1 0
50 124 -1 0
49 124 -1 0
48 124 -1 0
277 123 -1 0
276 123 -1 0
275 123 -1 0
274 123 -1 0
273 123 -1 0
272 123 -1 0
271 123 -1 0
270 123 -1 0
269 123 -1 0
268 123 -1 0
267 123 -1 0
266 123 -1 0
265 123 -1 0
264 123 -1 0
118 123 -1 0
117 123 -1 0
116 123 -1 0
115 123 -1 0
114 123 -1 0
113 123 -1 0
112 123 -1 0
111 123 -1 0
110 123 -1 0
109 123 -1 0
108 123 -1 0
107 123 -1 0
106 123 -1 0
105 123 -1 0
104 123 -1 0
103 123 -1 0
102 123 -1 0
101 123 -1 0
100 123 -1 0
58 123 -1 0
57 123 -1 0
56 123 -1 0
55 123 -1 0
54 123 -1 0
53 123 -1 0
52 123 -1 0
51 123 -1 0
50 123 -1 0
49 123 -1 0
48 123 -1 0
278 122 -1 0
277 122 -1 0
276 122 -1 0
275 122 -1 0
274 122 -1 0
273 122 -1 0
272 122 -1 0
271 122 -1 0
270 122 -1 0
269 122 -1 0
268 122 -1 0
267 122 -1 0
266 122 -1 0
265 122 -1 0
116 122 -1 0
115 122 -1 0
114 122 -1 0
113 122 -1 0
112 122 -1 0
111 122 -1 0
110 122 -1 0
109 122 -1 0
108 122 -1 0
107 122 -1 0
106 122 -1 0
105 122 -1 0
104 122 -1 0
103 122 -1 0
102 122 -1 0
101 122 -1 0
100 122 -1 0
99 122 -1 0
58 122 -1 0
57 122 -1 0
56 122 -1 0
55 122 -1 0
54 122 -1 0
53 122 -1 0
52 122 -1 0
51 122 -1 0
50 122 -1 0
49 122 -1 0
48 122 -1 0
278 121 -1 0
277 121 -1 0
276 121 -1 0
275 121 -1 0
274 121 -1 0
273 121 -1 0
272 121 -1 0
271 121 -1 0
270 121 -1 0
269 121 -1 0
268 121 -1 0
267 121 -1 0
266 121 -1 0
265 121 -1 0
116 121 -1 0
115 121 -1 0
114 121 -1 0
113 121 -1 0
112 121 -1 0
111 121 -1 0
110 121 -1 0
109 121 -1 0
108 121 -1 0
107 121 -1 0
106 121 -1 0
105 121 -1 0
104 121 -1 0
103 121 -1 0
102 121 -1 0
101 121 -1 0
100 121 -1 0
99 121 -1 0
98 121 -1 0
97 121 -1 0
96 121 -1 0
58 121 -1 0
57 121 -1 0
56 121 -1 0
55 121 -1 0
54 121 -1 0
53 121 -1 0
52 121 -1 0
51 121 -1 0
50 121 -1 0
49 121 -1 0
48 121 -1 0
278 120 -1 0
277 120 -1 0
276 120 -1 0
275 120 -1 0
274 120 -1 0
273 120 -1 0
272 120 -1 0
271 120 -1 0
270 120 -1 0
269 120 -1 0
268 120 -1 0
267 120 -1 0
266 120 -1 0
116 120 -1 0
115 120 -1 0
114 120 -1 0
113 120 -1 0
112 120 -1 0
111 120 -1 0
110 120 -1 0
109 120 -1 0
108 120 -1 0
107 120 -1 0
106 120 -1 0
105 120 -1 0
104 120 -1 0
103 120 -1 0
102 120 -1 0
101 120 -1 0
100 120 -1 0
99 120 -1 0
98 120 -1 0
97 120 -1 0
96 120 -1 0
95 120 -1 0
94 120 -1 0
93 120 -1 0
58 120 -1 0
57 120 -1 0
56 120 -1 0
55 120 -1 0
54 120 -1 0
53 120 -1 0
52 120 -1 0
51 120 -1 0
50 120 -1 0
49 120 -1 0
48 120 -1 0
280 119 -1 0
279 119 -1 0
278 119 -1 0
277 119 -1 0
276 119 -1 0
275 119 -1 0
274 119 -1 0
273 119 -1 0
272 119 -1 0
271 119 -1 0
270 119 -1 0
269 119 -1 0
268 119 -1 0
267 119 -1 0
115 119 -1 0
114 119 -1 0
113 119 -1 0
112 119 -1 0
111 119 -1 0
110 119 -1 0
109 119 -1 0
108 119 -1 0
107 119 -1 0
106 119 -1 0
105 119 -1 0
104 119 -1 0
103 119 -1 0
102 119 -1 0
101 119 -1 0
100 119 -1 0
99 119 -1 0
98 119 -1 0
97 119 -1 0
96 119 -1 0
95 119 -1 0
94 119 -1 0
93 119 -1 0
92 119 -1 0
91 119 -1 0
58 119 -1 0
57 119 -1 0
56 119 -1 0
55 119 -1 0
54 119 -1 0
53 119 -1 0
52 119 -1 0
51 119 -1 0
50 119 -1 0
49 119 -1 0
48 119 -1 0
281 118 -1 0
280 118 -1 0
279 118 -1 0
278 118 -1 0
277 118 -1 0
276 118 -1 0
275 118 -1 0
274 118 -1 0
273 118 -1 0
272 118 -1 0
271 118 -1 0
270 118 -1 0
269 118 -1 0
268 118 -1 0
267 118 -1 0
113 118 -1 0
112 118 -1 0
111 118 -1 0
110 118 -1 0
109 118 -1 0
108 118 -1 0
107 118 -1 0
106 118 -1 0
105 118 -1 0
104 118 -1 0
103 118 -1 0
102 118 -1 0
101 118 -1 0
100 118 -1 0
99 118 -1 0
98 118 -1 0
97 118 -1 0
96 118 -1 0
95 118 -1 0
94 118 -1 0
93 118 -1 0
92 118 -1 0
91 118 -1 0
90 118 -1 0
89 118 -1 0
58 118 -1 0
57 118 -1 0
56 118 -1 0
55 118 -1 0
54 118 -1 0
53 118 -1 0
52 118 -1 0
51 118 -1 0
50 118 -1 0
49 118 -1 0
48 118 -1 0
281 117 -1 0
280 117 -1 0
279 117 -1 0
278 117 -1 0
277 117 -1 0
276 117 -1 0
275 117 -1 0
274 117 -1 0
273 117 -1 0
272 117 -1 0
271 117 -1 0
270 117 -1 0
269 117 -1 0
268 117 -1 0
112 117 -1 0
111 117 -1 0
110 117 -1 0
109 117 -1 0
108 117 -1 0
107 117 -1 0
106 117 -1 0
105 117 -1 0
104 117 -1 0
103 117 -1 0
102 117 -1 0
101 117 -1 0
100 117 -1 0
99 117 -1 0
98 117 -1 0
97 117 -1 0
96 117 -1 0
95 117 -1 0
94 117 -1 0
93 117 -1 0
92 117 -1 0
91 117 -1 0
90 117 -1 0
89 117 -1 0
88 117 -1 0
87 117 -1 0
86 117 -1 0
85 117 -1 0
58 117 -1 0
57 117 -1 0
56 117 -1 0
55 117 -1 0
54 117 -1 0
53 117 -1 0
52 117 -1 0
51 117 -1 0
50 117 -1 0
49 117 -1 0
48 117 -1 0
282 116 -1 0
281 116 -1 0
280 116 -1 0
279 116 -1 0
278 116 -1 0
277 116 -1 0
276 116 -1 0
275 116 -1 0
274 116 -1 0
273 116 -1 0
272 116 -1 0
271 116 -1 0
270 116 -1 0
269 116 -1 0
111 116 -1 0
110 116 -1 0
109 116 -1 0
108 116 -1 0
107 116 -1 0
106 116 -1 0
105 116 -1 0
104 116 -1 0
103 116 -1 0
102 116 -1 0
101 116 -1 0
100 116 -1 0
99 116 -1 0
98 116 -1 0
97 116 -1 0
96 116 -1 0
95 116 -1 0
94 116 -1 0
93 116 -1 0
92 116 -1 0
91 116 -1 0
90 116 -1 0
89 116 -1 0
88 116 -1 0
87 116 -1 0
86 116 -1 0
85 116 -1 0
84 116 -1 0
83 116 -1 0
82 116 -1 0
81 116 -1 0
58 116 -1 0
57 116 -1 0
56 116 -1 0
55 116 -1 0
54 116 -1 0
53 116 -1 0
52 116 -1 0
51 116 -1 0
50 116 -1 0
49 116 -1 0
48 116 -1 0
283 115 -1 0
282 115 -1 0
281 115 -1 0
280 115 -1 0
279 115 -1 0
278 115 -1 0
277 115 -1 0
276 115 -1 0
275 115 -1 0
274 115 -1 0
273 115 -1 0
272 115 -1 0
271 115 -1 0
270 115 -1 0
110 115 -1 0
109 115 -1 0
108 115 -1 0
107 115 -1 0
106 115 -1 0
105 115 -1 0
104 115 -1 0
103 115 -1 0
102 115 -1 0
101 115 -1 0
100 115 -1 0
99 115 -1 0
98 115 -1 0
97 115 -1 0
96 115 -1 0
95 115 -1 0
94 115 -1 0
93 115 -1 0
92 115 -1 0
91 115 -1 0
90 115 -1 0
89 115 -1 0
88 115 -1 0
87 115 -1 0
86 115 -1 0
85 115 -1 0
84 115 -1 0
83 115 -1 0
82 115 -1 0
81 115 -1 0
80 115 -1 0
79 115 -1 0
78 115 -1 0
59 115 -1 0
58 115 -1 0
57 115 -1 0
56 115 -1 0
55 115 -1 0
54 115 -1 0
53 115 -1 0
52 115 -1 0
51 115 -1 0
50 115 -1 0
49 115 -1 0
283 114 -1 0
282 114 -1 0
281 114 -1 0
280 114 -1 0
279 114 -1 0
278 114 -1 0
277 114 -1 0
276 114 -1 0
275 114 -1 0
274 114 -1 0
273 114 -1 0
272 114 -1 0
271 114 -1 0
270 114 -1 0
107 114 -1 0
106 114 -1 0
105 114 -1 0
104 114 -1 0
103 114 -1 0
102 114 -1 0
101 114 -1 0
100 114 -1 0
99 114 -1 0
98 114 -1 0
97 114 -1 0
96 114 -1 0
95 114 -1 0
94 114 -1 0
93 114 -1 0
92 114 -1 0
91 114 -1 0
90 114 -1 0
89 114 -1 0
88 114 -1 0
87 114 -1 0
86 114 -1 0
85 114 -1 0
84 114 -1 0
83 114 -1 0
82 114 -1 0
81 114 -1 0
80 114 -1 0
79 114 -1 0
78 114 -1 0
77 114 -1 0
76 114 -1 0
75 114 -1 0
59 114 -1 0
58 114 -1 0
57 114 -1 0
56 114 -1 0
55 114 -1 0
54 114 -1 0
53 114 -1 0
52 114 -1 0
51 114 -1 0
50 114 -1 0
49 114 -1 0
284 113 -1 0
283 113 -1 0
282 113 -1 0
281 113 -1 0
280 113 -1 0
279 113 -1 0
278 113 -1 0
277 113 -1 0
276 113 -1 0
275 113 -1 0
274 113 -1 0
273 113 -1 0
272 113 -1 0
271 113 -1 0
270 113 -1 0
106 113 -1 0
105 113 -1 0
104 113 -1 0
103 113 -1 0
102 113 -1 0
101 113 -1 0
100 113 -1 0
99 113 -1 0
98 113 -1 0
97 113 -1 0
96 113 -1 0
95 113 -1 0
94 113 -1 0
93 113 -1 0
92 113 -1 0
91 113 -1 0
90 113 -1 0
89 113 -1 0
88 113 -1 0
87 113 -1 0
86 113 -1 0
85 113 -1 0
84 113 -1 0
83 113 -1 0
82 113 -1 0
81 113 -1 0
80 113 -1 0
79 113 -1 0
78 113 -1 0
77 113 -1 0
76 113 -1 0
75 113 -1 0
74 113 -1 0
73 113 -1 0
72 113 -1 0
71 113 -1 0
70 113 -1 0
59 113 -1 0
58 113 -1 0
57 113 -1 0
56 113 -1 0
55 113 -1 0
54 113 -1 0
53 113 -1 0
52 113 -1 0
51 113 -1 0
50 113 -1 0
49 113 -1 0
285 112 -1 0
284 112 -1 0
283 112 -1 0
282 112 -1 0
281 112 -1 0
280 112 -1 0
279 112 -1 0
278 112 -1 0
277 112 -1 0
276 112 -1 0
275 112 -1 0
274 112 -1 0
273 112 -1 0
272 112 -1 0
271 112 -1 0
105 112 -1 0
104 112 -1 0
103 112 -1 0
102 112 -1 0
101 112 -1 0
100 112 -1 0
99 112 -1 0
98 112 -1 0
97 112 -1 0
96 112 -1 0
95 112 -1 0
94 112 -1 0
93 112 -1 0
92 112 -1 0
91 112 -1 0
90 112 -1 0
89 112 -1 0
88 112 -1 0
87 112 -1 0
86 112 -1 0
85 112 -1 0
84 112 -1 0
83 112 -1 0
82 112 -1 0
81 112 -1 0
80 112 -1 0
79 112 -1 0
78 112 -1 0
77 112 -1 0
76 112 -1 0
75 112 -1 0
74 112 -1 0
73 112 -1 0
72 112 -1 0
71 112 -1 0
70 112 -1 0
69 112 -1 0
68 112 -1 0
67 112 -1 0
66 112 -1 0
65 112 -1 0
64 112 -1 0
63 112 -1 0
59 112 -1 0
58 112 -1 0
57 112 -1 0
56 112 -1 0
55 112 -1 0
54 112 -1 0
53 112 -1 0
52 112 -1 0
51 112 -1 0
50 112 -1 0
49 112 -1 0
286 111 -1 0
285 111 -1 0
284 111 -1 0
283 111 -1 0
282 111 -1 0
281 111 -1 0
280 111 -1 0
279 111 -1 0
278 111 -1 0
277 111 -1 0
276 111 -1 0
275 111 -1 0
274 111 -1 0
273 111 -1 0
272 111 -1 0
102 111 -1 0
100 111 -1 0
99 111 -1 0
98 111 -1 0
97 111 -1 0
96 111 -1 0
95 111 -1 0
94 111 -1 0
93 111 -1 0
92 111 -1 0
91 111 -1 0
90 111 -1 0
89 111 -1 0
88 111 -1 0
87 111 -1 0
86 111 -1 0
85 111 -1 0
84 111 -1 0
83 111 -1 0
82 111 -1 0
81 111 -1 0
80 111 -1 0
79 111 -1 0
78 111 -1 0
77 111 -1 0
76 111 -1 0
75 111 -1 0
74 111 -1 0
73 111 -1 0
72 111 -1 0
71 111 -1 0
70 111 -1 0
69 111 -1 0
68 111 -1 0
67 111 -1 0
66 111 -1 0
65 111 -1 0
64 111 -1 0
63 111 -1 0
62 111 -1 0
61 111 -1 0
60 111 -1 0
59 111 -1 0
58 111 -1 0
57 111 -1 0
56 111 -1 0
55 111 -1 0
54 111 -1 0
53 111 -1 0
52 111 -1 0
51 111 -1 0
50 111 -1 0
49 111 -1 0
288 110 -1 0
287 110 -1 0
286 110 -1 0
285 110 -1 0
284 110 -1 0
283 110 -1 0
282 110 -1 0
281 110 -1 0
280 110 -1 0
279 110 -1 0
278 110 -1 0
277 110 -1 0
276 110 -1 0
275 110 -1 0
274 110 -1 0
97 110 -1 0
96 110 -1 0
95 110 -1 0
94 110 -1 0
93 110 -1 0
92 110 -1 0
91 110 -1 0
90 110 -1 0
89 110 -1 0
88 110 -1 0
87 110 -1 0
86 110 -1 0
85 110 -1 0
84 110 -1 0
83 110 -1 0
82 110 -1 0
81 110 -1 0
80 110 -1 0
79 110 -1 0
78 110 -1 0
77 110 -1 0
76 110 -1 0
75 110 -1 0
74 110 -1 0
73 110 -1 0
72 110 -1 0
71 110 -1 0
70 110 -1 0
69 110 -1 0
68 110 -1 0
67 110 -1 0
66 110 -1 0
65 110 -1 0
64 110 -1 0
63 110 -1 0
62 110 -1 0
61 110 -1 0
60 110 -1 0
59 110 -1 0
58 110 -1 0
57 110 -1 0
56 110 -1 0
55 110 -1 0
54 110 -1 0
53 110 -1 0
52 110 -1 0
51 110 -1 0
50 110 -1 0
49 110 -1 0
289 109 -1 0
288 109 -1 0
287 109 -1 0
286 109 -1 0
285 109 -1 0
284 109 -1 0
283 109 -1 0
282 109 -1 0
281 109 -1 0
280 109 -1 0
279 109 -1 0
278 109 -1 0
277 109 -1 0
276 109 -1 0
275 109 -1 0
274 109 -1 0
95 109 -1 0
94 109 -1 0
93 109 -1 0
92 109 -1 0
91 109 -1 0
90 109 -1 0
89 109 -1 0
88 109 -1 0
87 109 -1 0
86 109 -1 0
85 109 -1 0
84 109 -1 0
83 109 -1 0
82 109 -1 0
81 109 -1 0
80 109 -1 0
79 109 -1 0
78 109 -1 0
77 109 -1 0
76 109 -1 0
75 109 -1 0
74 109 -1 0
73 109 -1 0
72 109 -1 0
71 109 -1 0
70 109 -1 0
69 109 -1 0
68 109 -1 0
67 109 -1 0
66 109 -1 0
65 109 -1 0
64 109 -1 0
63 109 -1 0
62 109 -1 0
61 109 -1 0
60 109 -1 0
59 109 -1 0
58 109 -1 0
57 109 -1 0
56 109 -1 0
55 109 -1 0
54 109 -1 0
53 109 -1 0
52 109 -1 0
51 109 -1 0
50 109 -1 0
49 109 -1 0
292 108 -1 0
291 108 -1 0
290 108 -1 0
289 108 -1 0
288 108 -1 0
287 108 -1 0
286 108 -1 0
285 108 -1 0
284 108 -1 0
283 108 -1 0
282 108 -1 0
281 108 -1 0
280 108 -1 0
279 108 -1 0
278 108 -1 0
277 108 -1 0
276 108 -1 0
275 108 -1 0
92 108 -1 0
91 108 -1 0
90 108 -1 0
89 108 -1 0
88 108 -1 0
87 108 -1 0
86 108 -1 0
85 108 -1 0
84 108 -1 0
83 108 -1 0
82 108 -1 0
81 108 -1 0
80 108 -1 0
79 108 -1 0
78 108 -1 0
77 108 -1 0
76 108 -1 0
75 108 -1 0
74 108 -1 0
73 108 -1 0
72 108 -1 0
71 108 -1 0
70 108 -1 0
69 108 -1 0
68 108 -1 0
67 108 -1 0
66 108 -1 0
65 108 -1 0
64 108 -1 0
63 108 -1 0
62 108 -1 0
61 108 -1 0
60 108 -1 0
59 108 -1 0
58 108 -1 0
57 108 -1 0
56 108 -1 0
55 108 -1 0
54 108 -1 0
53 108 -1 0
52 108 -1 0
51 108 -1 0
50 108 -1 0
49 108 -1 0
293 107 -1 0
292 107 -1 0
291 107 -1 0
290 107 -1 0
289 107 -1 0
288 107 -1 0
287 107 -1 0
286 107 -1 0
285 107 -1 0
284 107 -1 0
283 107 -1 0
282 107 -1 0
281 107 -1 0
280 107 -1 0
279 107 -1 0
278 107 -1 0
277 107 -1 0
276 107 -1 0
275 107 -1 0
89 107 -1 0
88 107 -1 0
87 107 -1 0
86 107 -1 0
85 107 -1 0
84 107 -1 0
83 107 -1 0
82 107 -1 0
81 107 -1 0
80 107 -1 0
79 107 -1 0
78 107 -1 0
77 107 -1 0
76 107 -1 0
75 107 -1 0
74 107 -1 0
73 107 -1 0
72 107 -1 0
71 107 -1 0
70 107 -1 0
69 107 -1 0
68 107 -1 0
67 107 -1 0
66 107 -1 0
65 107 -1 0
64 107 -1 0
63 107 -1 0
62 107 -1 0
61 107 -1 0
60 107 -1 0
59 107 -1 0
58 107 -1 0
57 107 -1 0
56 107 -1 0
55 107 -1 0
54 107 -1 0
53 107 -1 0
52 107 -1 0
51 107 -1 0
50 107 -1 0
293 106 -1 0
292 106 -1 0
291 106 -1 0
290 106 -1 0
289 106 -1 0
288 106 -1 0
287 106 -1 0
286 106 -1 0
285 106 -1 0
284 106 -1 0
283 106 -1 0
282 106 -1 0
281 106 -1 0
280 106 -1 0
279 106 -1 0
278 106 -1 0
277 106 -1 0
276 106 -1 0
85 106 -1 0
84 106 -1 0
83 106 -1 0
82 106 -1 0
81 106 -1 0
80 106 -1 0
79 106 -1 0
78 106 -1 0
77 106 -1 0
76 106 -1 0
75 106 -1 0
74 106 -1 0
73 106 -1 0
72 106 -1 0
71 106 -1 0
70 106 -1 0
69 106 -1 0
68 106 -1 0
67 106 -1 0
66 106 -1 0
65 106 -1 0
64 106 -1 0
63 106 -1 0
62 106 -1 0
61 106 -1 0
60 106 -1 0
59 106 -1 0
58 106 -1 0
57 106 -1 0
56 106 -1 0
55 106 -1 0
54 106 -1 0
53 106 -1 0
52 106 -1 0
51 106 -1 0
50 106 -1 0
293 105 -1 0
292 105 -1 0
291 105 -1 0
290 105 -1 0
289 105 -1 0
288 105 -1 0
287 105 -1 0
286 105 -1 0
285 105 -1 0
284 105 -1 0
283 105 -1 0
282 105 -1 0
281 105 -1 0
280 105 -1 0
279 105 -1 0
278 105 -1 0
277 105 -1 0
84 105 -1 0
83 105 -1 0
82 105 -1 0
81 105 -1 0
80 105 -1 0
79 105 -1 0
78 105 -1 0
77 105 -1 0
76 105 -1 0
75 105 -1 0
74 105 -1 0
73 105 -1 0
72 105 -1 0
71 105 -1 0
70 105 -1 0
69 105 -1 0
68 105 -1 0
67 105 -1 0
66 105 -1 0
65 105 -1 0
64 105 -1 0
63 105 -1 0
62 105 -1 0
61 105 -1 0
60 105 -1 0
59 105 -1 0
58 105 -1 0
57 105 -1 0
56 105 -1 0
55 105 -1 0
54 105 -1 0
53 105 -1 0
52 105 -1 0
51 105 -1 0
50 105 -1 0
294 104 -1 0
293 104 -1 0
292 104 -1 0
291 104 -1 0
290 104 -1 0
289 104 -1 0
288 104 -1 0
287 104 -1 0
286 104 -1 0
285 104 -1 0
284 104 -1 0
283 104 -1 0
282 104 -1 0
281 104 -1 0
280 104 -1 0
279 104 -1 0
278 104 -1 0
81 104 -1 0
80 104 -1 0
79 104 -1 0
78 104 -1 0
77 104 -1 0
76 104 -1 0
75 104 -1 0
74 104 -1 0
73 104 -1 0
72 104 -1 0
71 104 -1 0
70 104 -1 0
69 104 -1 0
68 104 -1 0
67 104 -1 0
66 104 -1 0
65 104 -1 0
64 104 -1 0
63 104 -1 0
62 104 -1 0
61 104 -1 0
60 104 -1 0
59 104 -1 0
58 104 -1 0
57 104 -1 0
56 104 -1 0
55 104 -1 0
54 104 -1 0
53 104 -1 0
52 104 -1 0
51 104 -1 0
50 104 -1 0
293 103 -1 0
292 103 -1 0
291 103 -1 0
290 103 -1 0
289 103 -1 0
288 103 -1 0
287 103 -1 0
286 103 -1 0
285 103 -1 0
284 103 -1 0
283 103 -1 0
282 103 -1 0
281 103 -1 0
280 103 -1 0
279 103 -1 0
75 103 -1 0
74 103 -1 0
73 103 -1 0
72 103 -1 0
71 103 -1 0
70 103 -1 0
69 103 -1 0
68 103 -1 0
67 103 -1 0
66 103 -1 0
65 103 -1 0
64 103 -1 0
63 103 -1 0
62 103 -1 0
61 103 -1 0
60 103 -1 0
59 103 -1 0
58 103 -1 0
57 103 -1 0
56 103 -1 0
55 103 -1 0
54 103 -1 0
53 103 -1 0
52 103 -1 0
51 103 -1 0
50 103 -1 0
293 102 -1 0
292 102 -1 0
291 102 -1 0
290 102 -1 0
289 102 -1 0
288 102 -1 0
287 102 -1 0
286 102 -1 0
285 102 -1 0
284 102 -1 0
283 102 -1 0
282 102 -1 0
281 102 -1 0
280 102 -1 0
70 102 -1 0
69 102 -1 0
67 102 -1 0
66 102 -1 0
65 102 -1 0
64 102 -1 0
63 102 -1 0
62 102 -1 0
61 102 -1 0
60 102 -1 0
59 102 -1 0
58 102 -1 0
57 102 -1 0
56 102 -1 0
55 102 -1 0
54 102 -1 0
53 102 -1 0
52 102 -1 0
51 102 -1 0
50 102 -1 0
293 101 -1 0
292 101 -1 0
291 101 -1 0
290 101 -1 0
289 101 -1 0
288 101 -1 0
287 101 -1 0
286 101 -1 0
285 101 -1 0
284 101 -1 0
283 101 -1 0
282 101 -1 0
63 101 -1 0
61 101 -1 0
60 101 -1 0
59 101 -1 0
58 101 -1 0
57 101 -1 0
56 101 -1 0
55 101 -1 0
54 101 -1 0
53 101 -1 0
52 101 -1 0
51 101 -1 0
292 100 -1 0
291 100 -1 0
290 100 -1 0
289 100 -1 0
288 100 -1 0
287 100 -1 0
286 100 -1 0
285 100 -1 0
284 100 -1 0
283 100 -1 0
61 100 -1 0
60 100 -1 0
59 100 -1 0
58 100 -1 0
57 100 -1 0
56 100 -1 0
55 100 -1 0
54 100 -1 0
53 100 -1 0
52 100 -1 0
51 100 -1 0
289 99 -1 0
288 99 -1 0
287 99 -1 0
286 99 -1 0
61 99 -1 0
60 99 -1 0
59 99 -1 0
58 99 -1 0
57 99 -1 0
56 99 -1 0
55 99 -1 0
54 99 -1 0
53 99 -1 0
52 99 -1 0
51 99 -1 0
61 98 -1 0
60 98 -1 0
59 98 -1 0
58 98 -1 0
57 98 -1 0
56 98 -1 0
55 98 -1 0
54 98 -1 0
53 98 -1 0
52 98 -1 0
51 98 -1 0
61 97 -1 0
60 97 -1 0
59 97 -1 0
58 97 -1 0
57 97 -1 0
56 97 -1 0
55 97 -1 0
54 97 -1 0
53 97 -1 0
52 97 -1 0
51 97 -1 0
166 96 -1 1
61 96 -1 0
60 96 -1 0
59 96 -1 0
58 96 -1 0
57 96 -1 0
56 96 -1 0
55 96 -1 0
54 96 -1 0
53 96 -1 0
52 96 -1 0
51 96 -1 0
169 95 -1 1
168 95 -1 1
167 95 -1 1
166 95 -1 1
165 95 -1 1
164 95 -1 1
163 95 -1 1
61 95 -1 0
60 95 -1 0
59 95 -1 0
58 95 -1 0
57 95 -1 0
56 95 -1 0
55 95 -1 0
54 95 -1 0
53 95 -1 0
52 95 -1 0
51 95 -1 0
170 94 -1 1
169 94 -1 1
168 94 -1 1
167 94 -1 1
166 94 -1 1
165 94 -1 1
164 94 -1 1
163 94 -1 1
162 94 -1 1
61 94 -1 0
60 94 -1 0
59 94 -1 0
58 94 -1 0
57 94 -1 0
56 94 -1 0
55 94 -1 0
54 94 -1 0
53 94 -1 0
52 94 -1 0
51 94 -1 0
212 93 -1 1
170 93 -1 1
169 93 -1 1
168 93 -1 1
167 93 -1 1
166 93 -1 1
165 93 -1 1
164 93 -1 1
163 93 -1 1
162 93 -1 1
61 93 -1 0
60 93 -1 0
59 93 -1 0
58 93 -1 0
57 93 -1 0
56 93 -1 0
55 93 -1 0
54 93 -1 0
53 93 -1 0
52 93 -1 0
51 93 -1 0
215 92 -1 1
214 92 -1 1
213 92 -1 1
212 92 -1 1
211 92 -1 1
210 92 -1 1
209 92 -1 1
170 92 -1 1
169 92 -1 1
168 92 -1 1
167 92 -1 1
166 92 -1 1
165 92 -1 1
164 92 -1 1
163 92 -1 1
162 92 -1 1
61 92 -1 0
60 92 -1 0
59 92 -1 0
58 92 -1 0
57 92 -1 0
56 92 -1 0
55 92 -1 0
54 92 -1 0
53 92 -1 0
52 92 -1 0
51 92 -1 0
216 91 -1 1
215 91 -1 1
214 91 -1 1
213 91 -1 1
212 91 -1 1
211 91 -1 1
210 91 -1 1
209 91 -1 1
208 91 -1 1
171 91 -1 1
170 91 -1 1
169 91 -1 1
168 91 -1 1
167 91 -1 1
166 91 -1 1
165 91 -1 1
164 91 -1 1
163 91 -1 1
162 91 -1 1
161 91 -1 1
61 91 -1 0
60 91 -1 0
59 91 -1 0
58 91 -1 0
57 91 -1 0
56 91 -1 0
55 91 -1 0
54 91 -1 0
53 91 -1 0
52 91 -1 0
51 91 -1 0
50 91 -1 0
216 90 -1 1
215 90 -1 1
214 90 -1 1
213 90 -1 1
212 90 -1 1
211 90 -1 1
210 90 -1 1
209 90 -1 1
208 90 -1 1
170 90 -1 1
169 90 -1 1
168 90 -1 1
167 90 -1 1
166 90 -1 1
165 90 -1 1
164 90 -1 1
163 90 -1 1
162 90 -1 1
61 90 -1 0
60 90 -1 0
59 90 -1 0
58 90 -1 0
57 90 -1 0
56 90 -1 0
55 90 -1 0
54 90 -1 0
53 90 -1 0
52 90 -1 0
51 90 -1 0
50 90 -1 0
49 90 -1 0
216 89 -1 1
215 89 -1 1
214 89 -1 1
213 89 -1 1
212 89 -1 1
211 89 -1 1
210 89 -1 1
209 89 -1 1
208 89 -1 1
170 89 -1 1
169 89 -1 1
168 89 -1 1
167 89 -1 1
166 89 -1 1
165 89 -1 1
164 89 -1 1
163 89 -1 1
162 89 -1 1
61 89 -1 0
60 89 -1 0
59 89 -1 0
58 89 -1 0
57 89 -1 0
56 89 -1 0
55 89 -1 0
54 89 -1 0
53 89 -1 0
52 89 -1 0
51 89 -1 0
50 89 -1 0
49 89 -1 0
48 89 -1 0
217 88 -1 1
216 88 -1 1
215 88 -1 1
214 88 -1 1
213 88 -1 1
212 88 -1 1
211 88 -1 1
210 88 -1 1
209 88 -1 1
208 88 -1 1
207 88 -1 1
170 88 -1 1
169 88 -1 1
168 88 -1 1
167 88 -1 1
166 88 -1 1
165 88 -1 1
164 88 -1 1
163 88 -1 1
162 88 -1 1
60 88 -1 0
59 88 -1 0
58 88 -1 0
57 88 -1 0
56 88 -1 0
55 88 -1 0
54 88 -1 0
53 88 -1 0
52 88 -1 0
51 88 -1 0
50 88 -1 0
49 88 -1 0
48 88 -1 0
47 88 -1 0
216 87 -1 1
215 87 -1 1
214 87 -1 1
213 87 -1 1
212 87 -1 1
211 87 -1 1
210 87 -1 1
209 87 -1 1
208 87 -1 1
169 87 -1 1
168 87 -1 1
167 87 -1 1
166 87 -1 1
165 87 -1 1
164 87 -1 1
163 87 -1 1
60 87 -1 0
59 87 -1 0
58 87 -1 0
57 87 -1 0
56 87 -1 0
55 87 -1 0
54 87 -1 0
53 87 -1 0
52 87 -1 0
51 87 -1 0
50 87 -1 0
49 87 -1 0
48 87 -1 0
47 87 -1 0
46 87 -1 0
216 86 -1 1
215 86 -1 1
214 86 -1 1
213 86 -1 1
212 86 -1 1
211 86 -1 1
210 86 -1 1
209 86 -1 1
208 86 -1 1
166 86 -1 1
60 86 -1 0
59 86 -1 0
58 86 -1 0
57 86 -1 0
56 86 -1 0
55 86 -1 0
54 86 -1 0
53 86 -1 0
52 86 -1 0
51 86 -1 0
50 86 -1 0
49 86 -1 0
48 86 -1 0
47 86 -1 0
46 86 -1 0
45 86 -1 0
216 85 -1 1
215 85 -1 1
214 85 -1 1
213 85 -1 1
212 85 -1 1
211 85 -1 1
210 85 -1 1
209 85 -1 1
208 85 -1 1
59 85 -1 0
58 85 -1 0
57 85 -1 0
56 85 -1 0
55 85 -1 0
54 85 -1 0
53 85 -1 0
52 85 -1 0
51 85 -1 0
50 85 -1 0
49 85 -1 0
48 85 -1 0
47 85 -1 0
46 85 -1 0
45 85 -1 0
215 84 -1 1
214 84 -1 1
213 84 -1 1
212 84 -1 1
211 84 -1 1
210 84 -1 1
209 84 -1 1
58 84 -1 0
57 84 -1 0
56 84 -1 0
55 84 -1 0
54 84 -1 0
53 84 -1 0
52 84 -1 0
51 84 -1 0
50 84 -1 0
49 84 -1 0
48 84 -1 0
47 84 -1 0
46 84 -1 0
45 84 -1 0
44 84 -1 0
212 83 -1 1
57 83 -1 0
56 83 -1 0
55 83 -1 0
54 83 -1 0
53 83 -1 0
52 83 -1 0
51 83 -1 0
50 83 -1 0
49 83 -1 0
48 83 -1 0
47 83 -1 0
46 83 -1 0
45 83 -1 0
44 83 -1 0
43 83 -1 0
56 82 -1 0
55 82 -1 0
54 82 -1 0
53 82 -1 0
52 82 -1 0
51 82 -1 0
50 82 -1 0
49 82 -1 0
48 82 -1 0
47 82 -1 0
46 82 -1 0
45 82 -1 0
44 82 -1 0
43 82 -1 0
42 82 -1 0
55 81 -1 0
54 81 -1 0
53 81 -1 0
52 81 -1 0
51 81 -1 0
50 81 -1 0
49 81 -1 0
48 81 -1 0
47 81 -1 0
46 81 -1 0
45 81 -1 0
44 81 -1 0
43 81 -1 0
42 81 -1 0
54 80 -1 0
53 80 -1 0
52 80 -1 0
51 80 -1 0
50 80 -1 0
49 80 -1 0
48 80 -1 0
47 80 -1 0
46 80 -1 0
45 80 -1 0
44 80 -1 0
43 80 -1 0
42 80 -1 0
53 79 -1 0
52 79 -1 0
51 79 -1 0
50 79 -1 0
49 79 -1 0
48 79 -1 0
47 79 -1 0
46 79 -1 0
45 79 -1 0
44 79 -1 0
43 79 -1 0
42 79 -1 0
41 79 -1 0
53 78 -1 0
52 78 -1 0
51 78 -1 0
50 78 -1 0
49 78 -1 0
48 78 -1 0
47 78 -1 0
46 78 -1 0
45 78 -1 0
44 78 -1 0
43 78 -1 0
42 78 -1 0
41 78 -1 0
244 77 -1 1
52 77 -1 0
51 77 -1 0
50 77 -1 0
49 77 -1 0
48 77 -1 0
47 77 -1 0
46 77 -1 0
45 77 -1 0
44 77 -1 0
43 77 -1 0
42 77 -1 0
41 77 -1 0
247 76 -1 1
246 76 -1 1
245 76 -1 1
244 76 -1 1
243 76 -1 1
242 76 -1 1
241 76 -1 1
51 76 -1 0
50 76 -1 0
49 76 -1 0
48 76 -1 0
47 76 -1 0
46 76 -1 0
45 76 -1 0
44 76 -1 0
43 76 -1 0
42 76 -1 0
41 76 -1 0
40 76 -1 0
248 75 -1 1
247 75 -1 1
246 75 -1 1
245 75 -1 1
244 75 -1 1
243 75 -1 1
242 75 -1 1
241 75 -1 1
240 75 -1 1
50 75 -1 0
49 75 -1 0
48 75 -1 0
47 75 -1 0
46 75 -1 0
45 75 -1 0
44 75 -1 0
43 75 -1 0
42 75 -1 0
41 75 -1 0
40 75 -1 0
248 74 -1 1
247 74 -1 1
246 74 -1 1
245 74 -1 1
244 74 -1 1
243 74 -1 1
242 74 -1 1
241 74 -1 1
240 74 -1 1
50 74 -1 0
49 74 -1 0
48 74 -1 0
47 74 -1 0
46 74 -1 0
45 74 -1 0
44 74 -1 0
43 74 -1 0
42 74 -1 0
41 74 -1 0
40 74 -1 0
248 73 -1 1
247 73 -1 1
246 73 -1 1
245 73 -1 1
244 73 -1 1
243 73 -1 1
242 73 -1 1
241 73 -1 1
240 73 -1 1
50 73 -1 0
49 73 -1 0
48 73 -1 0
47 73 -1 0
46 73 -1 0
45 73 -1 0
44 73 -1 0
43 73 -1 0
42 73 -1 0
41 73 -1 0
40 73 -1 0
249 72 -1 1
248 72 -1 1
247 72 -1 1
246 72 -1 1
245 72 -1 1
244 72 -1 1
243 72 -1 1
242 72 -1 1
241 72 -1 1
240 72 -1 1
239 72 -1 1
198 72 -1 1
50 72 -1 0
49 72 -1 0
48 72 -1 0
47 72 -1 0
46 72 -1 0
45 72 -1 0
44 72 -1 0
43 72 -1 0
42 72 -1 0
41 72 -1 0
40 72 -1 0
39 72 -1 0
248 71 -1 1
247 71 -1 1
246 71 -1 1
245 71 -1 1
244 71 -1 1
243 71 -1 1
242 71 -1 1
241 71 -1 1
240 71 -1 1
201 71 -1 1
200 71 -1 1
199 71 -1 1
198 71 -1 1
197 71 -1 1
196 71 -1 1
195 71 -1 1
49 71 -1 0
48 71 -1 0
47 71 -1 0
46 71 -1 0
45 71 -1 0
44 71 -1 0
43 71 -1 0
42 71 -1 0
41 71 -1 0
40 71 -1 0
39 71 -1 0
248 70 -1 1
247 70 -1 1
246 70 -1 1
245 70 -1 1
244 70 -1 1
243 70 -1 1
242 70 -1 1
241 70 -1 1
240 70 -1 1
202 70 -1 1
201 70 -1 1
200 70 -1 1
199 70 -1 1
198 70 -1 1
197 70 -1 1
196 70 -1 1
195 70 -1 1
194 70 -1 1
49 70 -1 0
48 70 -1 0
47 70 -1 0
46 70 -1 0
45 70 -1 0
44 70 -1 0
43 70 -1 0
42 70 -1 0
41 70 -1 0
40 70 -1 0
39 70 -1 0
248 69 -1 1
247 69 -1 1
246 69 -1 1
245 69 -1 1
244 69 -1 1
243 69 -1 1
242 69 -1 1
241 69 -1 1
240 69 -1 1
202 69 -1 1
201 69 -1 1
200 69 -1 1
199 69 -1 1
198 69 -1 1
197 69 -1 1
196 69 -1 1
195 69 -1 1
194 69 -1 1
49 69 -1 0
48 69 -1 0
47 69 -1 0
46 69 -1 0
45 69 -1 0
44 69 -1 0
43 69 -1 0
42 69 -1 0
41 69 -1 0
40 69 -1 0
247 68 -1 1
246 68 -1 1
245 68 -1 1
244 68 -1 1
243 68 -1 1
242 68 -1 1
241 68 -1 1
202 68 -1 1
201 68 -1 1
200 68 -1 1
199 68 -1 1
198 68 -1 1
197 68 -1 1
196 68 -1 1
195 68 -1 1
194 68 -1 1
49 68 -1 0
48 68 -1 0
47 68 -1 0
46 68 -1 0
45 68 -1 0
44 68 -1 0
43 68 -1 0
42 68 -1 0
41 68 -1 0
40 68 -1 0
39 68 -1 0
244 67 -1 1
203 67 -1 1
202 67 -1 1
201 67 -1 1
200 67 -1 1
199 67 -1 1
198 67 -1 1
197 67 -1 1
196 67 -1 1
195 67 -1 1
194 67 -1 1
193 67 -1 1
49 67 -1 0
48 67 -1 0
47 67 -1 0
46 67 -1 0
45 67 -1 0
44 67 -1 0
43 67 -1 0
42 67 -1 0
41 67 -1 0
40 67 -1 0
39 67 -1 0
202 66 -1 1
201 66 -1 1
200 66 -1 1
199 66 -1 1
198 66 -1 1
197 66 -1 1
196 66 -1 1
195 66 -1 1
194 66 -1 1
49 66 -1 0
48 66 -1 0
47 66 -1 0
46 66 -1 0
45 66 -1 0
44 66 -1 0
43 66 -1 0
42 66 -1 0
41 66 -1 0
40 66 -1 0
39 66 -1 0
202 65 -1 1
201 65 -1 1
200 65 -1 1
199 65 -1 1
198 65 -1 1
197 65 -1 1
196 65 -1 1
195 65 -1 1
194 65 -1 1
49 65 -1 0
48 65 -1 0
47 65 -1 0
46 65 -1 0
45 65 -1 0
44 65 -1 0
43 65 -1 0
42 65 -1 0
41 65 -1 0
40 65 -1 0
39 65 -1 0
202 64 -1 1
201 64 -1 1
200 64 -1 1
199 64 -1 1
198 64 -1 1
197 64 -1 1
196 64 -1 1
195 64 -1 1
194 64 -1 1
49 64 -1 0
48 64 -1 0
47 64 -1 0
46 64 -1 0
45 64 -1 0
44 64 -1 0
43 64 -1 0
42 64 -1 0
41 64 -1 0
40 64 -1 0
39 64 -1 0
201 63 -1 1
200 63 -1 1
199 63 -1 1
198 63 -1 1
197 63 -1 1
196 63 -1 1
195 63 -1 1
49 63 -1 0
48 63 -1 0
47 63 -1 0
46 63 -1 0
45 63 -1 0
44 63 -1 0
43 63 -1 0
42 63 -1 0
41 63 -1 0
40 63 -1 0
39 63 -1 0
198 62 -1 1
49 62 -1 0
48 62 -1 0
47 62 -1 0
46 62 -1 0
45 62 -1 0
44 62 -1 0
43 62 -1 0
42 62 -1 0
41 62 -1 0
40 62 -1 0
39 62 -1 0
48 61 -1 0
47 61 -1 0
46 61 -1 0
45 61 -1 0
44 61 -1 0
43 61 -1 0
42 61 -1 0
41 61 -1 0
40 61 -1 0
49 60 -1 0
48 60 -1 0
47 60 -1 0
46 60 -1 0
45 60 -1 0
44 60 -1 0
43 60 -1 0
42 60 -1 0
41 60 -1 0
40 60 -1 0
39 60 -1 0
49 59 -1 0
48 59 -1 0
47 59 -1 0
46 59 -1 0
45 59 -1 0
44 59 -1 0
43 59 -1 0
42 59 -1 0
41 59 -1 0
40 59 -1 0
39 59 -1 0
49 58 -1 0
48 58 -1 0
47 58 -1 0
46 58 -1 0
45 58 -1 0
44 58 -1 0
43 58 -1 0
42 58 -1 0
41 58 -1 0
40 58 -1 0
39 58 -1 0
48 57 -1 0
47 57 -1 0
46 57 -1 0
45 57 -1 0
44 57 -1 0
43 57 -1 0
42 57 -1 0
41 57 -1 0
40 57 -1 0
49 56 -1 0
48 56 -1 0
47 56 -1 0
46 56 -1 0
45 56 -1 0
44 56 -1 0
43 56 -1 0
42 56 -1 0
41 56 -1 0
40 56 -1 0
39 56 -1 0
49 55 -1 0
48 55 -1 0
47 55 -1 0
46 55 -1 0
45 55 -1 0
44 55 -1 0
43 55 -1 0
42 55 -1 0
41 55 -1 0
40 55 -1 0
39 55 -1 0
49 54 -1 0
48 54 -1 0
47 54 -1 0
46 54 -1 0
45 54 -1 0
44 54 -1 0
43 54 -1 0
42 54 -1 0
41 54 -1 0
40 54 -1 0
39 54 -1 0
49 53 -1 0
48 53 -1 0
47 53 -1 0
46 53 -1 0
45 53 -1 0
44 53 -1 0
43 53 -1 0
42 53 -1 0
41 53 -1 0
40 53 -1 0
39 53 -1 0
49 52 -1 0
48 52 -1 0
47 52 -1 0
46 52 -1 0
45 52 -1 0
44 52 -1 0
43 52 -1 0
42 52 -1 0
41 52 -1 0
40 52 -1 0
39 52 -1 0
48 51 -1 0
47 51 -1 0
46 51 -1 0
45 51 -1 0
44 51 -1 0
43 51 -1 0
42 51 -1 0
41 51 -1 0
40 51 -1 0
48 50 -1 0
47 50 -1 0
46 50 -1 0
45 50 -1 0
44 50 -1 0
43 50 -1 0
42 50 -1 0
41 50 -1 0
40 50 -1 0
151 49 -1 0
150 49 -1 0
149 49 -1 0
148 49 -1 0
147 49 -1 0
146 49 -1 0
145 49 -1 0
144 49 -1 0
143 49 -1 0
142 49 -1 0
141 49 -1 0
48 49 -1 0
47 49 -1 0
46 49 -1 0
45 49 -1 0
44 49 -1 0
43 49 -1 0
42 49 -1 0
41 49 -1 0
40 49 -1 0
156 48 -1 0
155 48 -1 0
154 48 -1 0
153 48 -1 0
152 48 -1 0
151 48 -1 0
150 48 -1 0
149 48 -1 0
148 48 -1 0
147 48 -1 0
146 48 -1 0
145 48 -1 0
144 48 -1 0
143 48 -1 0
142 48 -1 0
141 48 -1 0
140 48 -1 0
139 48 -1 0
138 48 -1 0
47 48 -1 0
46 48 -1 0
45 48 -1 0
44 48 -1 0
43 48 -1 0
42 48 -1 0
41 48 -1 0
161 47 -1 0
160 47 -1 0
159 47 -1 0
158 47 -1 0
157 47 -1 0
156 47 -1 0
155 47 -1 0
154 47 -1 0
153 47 -1 0
152 47 -1 0
151 47 -1 0
150 47 -1 0
149 47 -1 0
148 47 -1 0
147 47 -1 0
146 47 -1 0
145 47 -1 0
144 47 -1 0
143 47 -1 0
142 47 -1 0
141 47 -1 0
140 47 -1 0
139 47 -1 0
138 47 -1 0
137 47 -1 0
44 47 -1 0
164 46 -1 0
163 46 -1 0
162 46 -1 0
161 46 -1 0
160 46 -1 0
159 46 -1 0
158 46 -1 0
157 46 -1 0
156 46 -1 0
155 46 -1 0
154 46 -1 0
153 46 -1 0
152 46 -1 0
151 46 -1 0
150 46 -1 0
149 46 -1 0
148 46 -1 0
147 46 -1 0
146 46 -1 0
145 46 -1 0
144 46 -1 0
143 46 -1 0
142 46 -1 0
141 46 -1 0
140 46 -1 0
139 46 -1 0
138 46 -1 0
137 46 -1 0
167 45 -1 0
166 45 -1 0
165 45 -1 0
164 45 -1 0
163 45 -1 0
162 45 -1 0
161 45 -1 0
160 45 -1 0
159 45 -1 0
158 45 -1 0
157 45 -1 0
156 45 -1 0
155 45 -1 0
154 45 -1 0
153 45 -1 0
152 45 -1 0
151 45 -1 0
150 45 -1 0
149 45 -1 0
148 45 -1 0
147 45 -1 0
146 45 -1 0
145 45 -1 0
144 45 -1 0
143 45 -1 0
142 45 -1 0
141 45 -1 0
140 45 -1 0
139 45 -1 0
138 45 -1 0
137 45 -1 0
172 44 -1 0
170 44 -1 0
169 44 -1 0
168 44 -1 0
167 44 -1 0
166 44 -1 0
165 44 -1 0
164 44 -1 0
163 44 -1 0
162 44 -1 0
161 44 -1 0
160 44 -1 0
159 44 -1 0
158 44 -1 0
157 44 -1 0
156 44 -1 0
155 44 -1 0
154 44 -1 0
153 44 -1 0
152 44 -1 0
151 44 -1 0
150 44 -1 0
149 44 -1 0
148 44 -1 0
147 44 -1 0
146 44 -1 0
145 44 -1 0
144 44 -1 0
143 44 -1 0
142 44 -1 0
141 44 -1 0
140 44 -1 0
139 44 -1 0
138 44 -1 0
137 44 -1 0
136 44 -1 0
176 43 -1 0
175 43 -1 0
174 43 -1 0
173 43 -1 0
172 43 -1 0
171 43 -1 0
170 43 -1 0
169 43 -1 0
168 43 -1 0
167 43 -1 0
166 43 -1 0
165 43 -1 0
164 43 -1 0
163 43 -1 0
162 43 -1 0
161 43 -1 0
160 43 -1 0
159 43 -1 0
158 43 -1 0
157 43 -1 0
156 43 -1 0
155 43 -1 0
154 43 -1 0
153 43 -1 0
152 43 -1 0
151 43 -1 0
150 43 -1 0
149 43 -1 0
148 43 -1 0
147 43 -1 0
146 43 -1 0
145 43 -1 0
144 43 -1 0
143 43 -1 0
142 43 -1 0
141 43 -1 0
140 43 -1 0
139 43 -1 0
138 43 -1 0
137 43 -1 0
182 42 -1 0
181 42 -1 0
180 42 -1 0
179 42 -1 0
178 42 -1 0
177 42 -1 0
176 42 -1 0
175 42 -1 0
174 42 -1 0
173 42 -1 0
172 42 -1 0
171 42 -1 0
170 42 -1 0
169 42 -1 0
168 42 -1 0
167 42 -1 0
166 42 -1 0
165 42 -1 0
164 42 -1 0
163 42 -1 0
162 42 -1 0
161 42 -1 0
160 42 -1 0
159 42 -1 0
158 42 -1 0
157 42 -1 0
156 42 -1 0
155 42 -1 0
154 42 -1 0
153 42 -1 0
152 42 -1 0
151 42 -1 0
150 42 -1 0
149 42 -1 0
148 42 -1 0
147 42 -1 0
146 42 -1 0
145 42 -1 0
144 42 -1 0
143 42 -1 0
142 42 -1 0
141 42 -1 0
140 42 -1 0
139 42 -1 0
138 42 -1 0
137 42 -1 0
195 41 -1 0
194 41 -1 0
193 41 -1 0
192 41 -1 0
191 41 -1 0
190 41 -1 0
189 41 -1 0
188 41 -1 0
187 41 -1 0
186 41 -1 0
185 41 -1 0
184 41 -1 0
183 41 -1 0
182 41 -1 0
181 41 -1 0
180 41 -1 0
179 41 -1 0
178 41 -1 0
177 41 -1 0
176 41 -1 0
175 41 -1 0
174 41 -1 0
173 41 -1 0
172 41 -1 0
171 41 -1 0
170 41 -1 0
169 41 -1 0
168 41 -1 0
167 41 -1 0
166 41 -1 0
165 41 -1 0
164 41 -1 0
163 41 -1 0
162 41 -1 0
161 41 -1 0
160 41 -1 0
159 41 -1 0
158 41 -1 0
157 41 -1 0
156 41 -1 0
155 41 -1 0
154 41 -1 0
153 41 -1 0
152 41 -1 0
151 41 -1 0
150 41 -1 0
149 41 -1 0
148 41 -1 0
147 41 -1 0
146 41 -1 0
145 41 -1 0
144 41 -1 0
143 41 -1 0
142 41 -1 0
141 41 -1 0
140 41 -1 0
139 41 -1 0
138 41 -1 0
137 41 -1 0
198 40 -1 0
197 40 -1 0
196 40 -1 0
195 40 -1 0
194 40 -1 0
193 40 -1 0
192 40 -1 0
191 40 -1 0
190 40 -1 0
189 40 -1 0
188 40 -1 0
187 40 -1 0
186 40 -1 0
185 40 -1 0
184 40 -1 0
183 40 -1 0
182 40 -1 0
181 40 -1 0
180 40 -1 0
179 40 -1 0
178 40 -1 0
177 40 -1 0
176 40 -1 0
175 40 -1 0
174 40 -1 0
173 40 -1 0
172 40 -1 0
171 40 -1 0
170 40 -1 0
169 40 -1 0
168 40 -1 0
167 40 -1 0
166 40 -1 0
165 40 -1 0
164 40 -1 0
163 40 -1 0
162 40 -1 0
161 40 -1 0
160 40 -1 0
159 40 -1 0
158 40 -1 0
157 40 -1 0
156 40 -1 0
155 40 -1 0
154 40 -1 0
153 40 -1 0
152 40 -1 0
151 40 -1 0
150 40 -1 0
149 40 -1 0
148 40 -1 0
147 40 -1 0
146 40 -1 0
145 40 -1 0
144 40 -1 0
143 40 -1 0
142 40 -1 0
141 40 -1 0
140 40 -1 0
139 40 -1 0
138 40 -1 0
202 39 -1 0
201 39 -1 0
200 39 -1 0
199 39 -1 0
198 39 -1 0
197 39 -1 0
196 39 -1 0
195 39 -1 0
194 39 -1 0
193 39 -1 0
192 39 -1 0
191 39 -1 0
190 39 -1 0
189 39 -1 0
188 39 -1 0
187 39 -1 0
186 39 -1 0
185 39 -1 0
184 39 -1 0
183 39 -1 0
182 39 -1 0
181 39 -1 0
180 39 -1 0
179 39 -1 0
178 39 -1 0
177 39 -1 0
176 39 -1 0
175 39 -1 0
174 39 -1 0
173 39 -1 0
172 39 -1 0
171 39 -1 0
170 39 -1 0
169 39 -1 0
168 39 -1 0
167 39 -1 0
166 39 -1 0
165 39 -1 0
164 39 -1 0
163 39 -1 0
162 39 -1 0
161 39 -1 0
160 39 -1 0
159 39 -1 0
158 39 -1 0
157 39 -1 0
156 39 -1 0
155 39 -1 0
154 39 -1 0
153 39 -1 0
152 39 -1 0
151 39 -1 0
150 39 -1 0
149 39 -1 0
148 39 -1 0
147 39 -1 0
146 39 -1 0
145 39 -1 0
144 39 -1 0
143 39 -1 0
142 39 -1 0
141 39 -1 0
206 38 -1 0
205 38 -1 0
204 38 -1 0
203 38 -1 0
202 38 -1 0
201 38 -1 0
200 38 -1 0
199 38 -1 0
198 38 -1 0
197 38 -1 0
196 38 -1 0
195 38 -1 0
194 38 -1 0
193 38 -1 0
192 38 -1 0
191 38 -1 0
190 38 -1 0
189 38 -1 0
188 38 -1 0
187 38 -1 0
186 38 -1 0
185 38 -1 0
184 38 -1 0
183 38 -1 0
182 38 -1 0
181 38 -1 0
180 38 -1 0
179 38 -1 0
178 38 -1 0
177 38 -1 0
176 38 -1 0
175 38 -1 0
174 38 -1 0
173 38 -1 0
172 38 -1 0
171 38 -1 0
170 38 -1 0
169 38 -1 0
168 38 -1 0
167 38 -1 0
166 38 -1 0
165 38 -1 0
164 38 -1 0
163 38 -1 0
162 38 -1 0
161 38 -1 0
160 38 -1 0
159 38 -1 0
158 38 -1 0
157 38 -1 0
156 38 -1 0
155 38 -1 0
154 38 -1 0
153 38 -1 0
152 38 -1 0
151 38 -1 0
209 37 -1 0
208 37 -1 0
207 37 -1 0
206 37 -1 0
205 37 -1 0
204 37 -1 0
203 37 -1 0
202 37 -1 0
201 37 -1 0
200 37 -1 0
199 37 -1 0
198 37 -1 0
197 37 -1 0
196 37 -1 0
195 37 -1 0
194 37 -1 0
193 37 -1 0
192 37 -1 0
191 37 -1 0
190 37 -1 0
189 37 -1 0
188 37 -1 0
187 37 -1 0
186 37 -1 0
185 37 -1 0
184 37 -1 0
183 37 -1 0
182 37 -1 0
181 37 -1 0
180 37 -1 0
179 37 -1 0
178 37 -1 0
177 37 -1 0
176 37 -1 0
175 37 -1 0
174 37 -1 0
173 37 -1 0
172 37 -1 0
171 37 -1 0
170 37 -1 0
169 37 -1 0
168 37 -1 0
167 37 -1 0
166 37 -1 0
165 37 -1 0
164 37 -1 0
163 37 -1 0
162 37 -1 0
161 37 -1 0
160 37 -1 0
159 37 -1 0
158 37 -1 0
157 37 -1 0
156 37 -1 0
211 36 -1 0
210 36 -1 0
209 36 -1 0
208 36 -1 0
207 36 -1 0
206 36 -1 0
205 36 -1 0
204 36 -1 0
203 36 -1 0
202 36 -1 0
201 36 -1 0
200 36 -1 0
199 36 -1 0
198 36 -1 0
197 36 -1 0
196 36 -1 0
195 36 -1 0
194 36 -1 0
193 36 -1 0
192 36 -1 0
191 36 -1 0
190 36 -1 0
189 36 -1 0
188 36 -1 0
187 36 -1 0
186 36 -1 0
185 36 -1 0
184 36 -1 0
183 36 -1 0
182 36 -1 0
181 36 -1 0
180 36 -1 0
179 36 -1 0
178 36 -1 0
177 36 -1 0
176 36 -1 0
175 36 -1 0
174 36 -1 0
173 36 -1 0
172 36 -1 0
171 36 -1 0
170 36 -1 0
169 36 -1 0
168 36 -1 0
167 36 -1 0
166 36 -1 0
165 36 -1 0
164 36 -1 0
163 36 -1 0
162 36 -1 0
161 36 -1 0
214 35 -1 0
213 35 -1 0
212 35 -1 0
211 35 -1 0
210 35 -1 0
209 35 -1 0
208 35 -1 0
207 35 -1 0
206 35 -1 0
205 35 -1 0
204 35 -1 0
203 35 -1 0
202 35 -1 0
201 35 -1 0
200 35 -1 0
199 35 -1 0
198 35 -1 0
197 35 -1 0
196 35 -1 0
195 35 -1 0
194 35 -1 0
193 35 -1 0
192 35 -1 0
191 35 -1 0
190 35 -1 0
189 35 -1 0
188 35 -1 0
187 35 -1 0
186 35 -1 0
185 35 -1 0
184 35 -1 0
183 35 -1 0
182 35 -1 0
181 35 -1 0
180 35 -1 0
179 35 -1 0
178 35 -1 0
177 35 -1 0
176 35 -1 0
175 35 -1 0
174 35 -1 0
173 35 -1 0
172 35 -1 0
171 35 -1 0
170 35 -1 0
169 35 -1 0
168 35 -1 0
167 35 -1 0
166 35 -1 0
165 35 -1 0
164 35 -1 0
215 34 -1 0
214 34 -1 0
213 34 -1 0
212 34 -1 0
211 34 -1 0
210 34 -1 0
209 34 -1 0
208 34 -1 0
207 34 -1 0
206 34 -1 0
205 34 -1 0
204 34 -1 0
203 34 -1 0
202 34 -1 0
201 34 -1 0
200 34 -1 0
199 34 -1 0
198 34 -1 0
197 34 -1 0
196 34 -1 0
195 34 -1 0
194 34 -1 0
193 34 -1 0
192 34 -1 0
191 34 -1 0
190 34 -1 0
189 34 -1 0
188 34 -1 0
187 34 -1 0
186 34 -1 0
185 34 -1 0
184 34 -1 0
183 34 -1 0
182 34 -1 0
181 34 -1 0
180 34 -1 0
179 34 -1 0
178 34 -1 0
177 34 -1 0
176 34 -1 0
175 34 -1 0
174 34 -1 0
173 34 -1 0
172 34 -1 0
171 34 -1 0
170 34 -1 0
169 34 -1 0
168 34 -1 0
167 34 -1 0
215 33 -1 0
214 33 -1 0
213 33 -1 0
212 33 -1 0
211 33 -1 0
210 33 -1 0
209 33 -1 0
208 33 -1 0
207 33 -1 0
206 33 -1 0
205 33 -1 0
204 33 -1 0
203 33 -1 0
202 33 -1 0
201 33 -1 0
200 33 -1 0
199 33 -1 0
198 33 -1 0
197 33 -1 0
196 33 -1 0
195 33 -1 0
194 33 -1 0
193 33 -1 0
192 33 -1 0
191 33 -1 0
190 33 -1 0
189 33 -1 0
188 33 -1 0
187 33 -1 0
186 33 -1 0
185 33 -1 0
184 33 -1 0
183 33 -1 0
182 33 -1 0
181 33 -1 0
180 33 -1 0
179 33 -1 0
178 33 -1 0
177 33 -1 0
176 33 -1 0
175 33 -1 0
174 33 -1 0
173 33 -1 0
172 33 -1 0
215 32 -1 0
214 32 -1 0
213 32 -1 0
212 32 -1 0
211 32 -1 0
210 32 -1 0
209 32 -1 0
208 32 -1 0
207 32 -1 0
206 32 -1 0
205 32 -1 0
204 32 -1 0
203 32 -1 0
202 32 -1 0
201 32 -1 0
200 32 -1 0
199 32 -1 0
198 32 -1 0
197 32 -1 0
196 32 -1 0
195 32 -1 0
194 32 -1 0
193 32 -1 0
192 32 -1 0
191 32 -1 0
190 32 -1 0
189 32 -1 0
188 32 -1 0
187 32 -1 0
186 32 -1 0
185 32 -1 0
184 32 -1 0
183 32 -1 0
182 32 -1 0
181 32 -1 0
180 32 -1 0
179 32 -1 0
178 32 -1 0
177 32 -1 0
176 32 -1 0
216 31 -1 0
215 31 -1 0
214 31 -1 0
213 31 -1 0
212 31 -1 0
211 31 -1 0
210 31 -1 0
209 31 -1 0
208 31 -1 0
207 31 -1 0
206 31 -1 0
205 31 -1 0
204 31 -1 0
203 31 -1 0
202 31 -1 0
201 31 -1 0
200 31 -1 0
199 31 -1 0
198 31 -1 0
197 31 -1 0
196 31 -1 0
195 31 -1 0
194 31 -1 0
193 31 -1 0
192 31 -1 0
191 31 -1 0
190 31 -1 0
189 31 -1 0
188 31 -1 0
187 31 -1 0
186 31 -1 0
185 31 -1 0
184 31 -1 0
183 31 -1 0
215 30 -1 0
214 30 -1 0
213 30 -1 0
212 30 -1 0
211 30 -1 0
210 30 -1 0
209 30 -1 0
208 30 -1 0
207 30 -1 0
206 30 -1 0
205 30 -1 0
204 30 -1 0
203 30 -1 0
202 30 -1 0
201 30 -1 0
200 30 -1 0
199 30 -1 0
198 30 -1 0
197 30 -1 0
196 30 -1 0
215 29 -1 0
214 29 -1 0
213 29 -1 0
212 29 -1 0
211 29 -1 0
210 29 -1 0
209 29 -1 0
208 29 -1 0
207 29 -1 0
206 29 -1 0
205 29 -1 0
204 29 -1 0
203 29 -1 0
202 29 -1 0
201 29 -1 0
200 29 -1 0
199 29 -1 0
215 28 -1 0
214 28 -1 0
213 28 -1 0
212 28 -1 0
211 28 -1 0
210 28 -1 0
209 28 -1 0
208 28 -1 0
207 28 -1 0
206 28 -1 0
205 28 -1 0
204 28 -1 0
203 28 -1 0
214 27 -1 0
213 27 -1 0
212 27 -1 0
211 27 -1 0
210 27 -1 0
209 27 -1 0
208 27 -1 0
207 27 -1 0
206 27 -1 0
205 27 -1 0
211 26 -1 0
210 26 -1 0
209 26 -1 0
208 26 -1 0
