567 400 400
358 302 -1 0 0
361 301 -1 0 0
360 301 -1 0 0
359 301 -1 0 0
358 301 -1 0 0
357 301 -1 0 0
356 301 -1 0 0
355 301 -1 0 0
362 300 -1 0 0
361 300 -1 0 0
360 300 -1 0 0
359 300 -1 0 0
358 300 -1 0 0
357 300 -1 0 0
356 300 -1 0 0
355 300 -1 0 0
354 300 -1 0 0
362 299 -1 0 0
361 299 -1 0 0
360 299 -1 0 0
359 299 -1 0 0
358 299 -1 0 0
357 299 -1 0 0
356 299 -1 0 0
355 299 -1 0 0
354 299 -1 0 0
362 298 -1 0 0
361 298 -1 0 0
360 298 -1 0 0
359 298 -1 0 0
358 298 -1 0 0
357 298 -1 0 0
356 298 -1 0 0
355 298 -1 0 0
354 298 -1 0 0
363 297 -1 0 0
362 297 -1 0 0
361 297 -1 0 0
360 297 -1 0 0
359 297 -1 0 0
358 297 -1 0 0
357 297 -1 0 0
356 297 -1 0 0
355 297 -1 0 0
354 297 -1 0 0
353 297 -1 0 0
362 296 -1 0 0
361 296 -1 0 0
360 296 -1 0 0
359 296 -1 0 0
358 296 -1 0 0
357 296 -1 0 0
356 296 -1 0 0
355 296 -1 0 0
354 296 -1 0 0
362 295 -1 0 0
361 295 -1 0 0
360 295 -1 0 0
359 295 -1 0 0
358 295 -1 0 0
357 295 -1 0 0
356 295 -1 0 0
355 295 -1 0 0
354 295 -1 0 0
362 294 -1 0 0
361 294 -1 0 0
360 294 -1 0 0
359 294 -1 0 0
358 294 -1 0 0
357 294 -1 0 0
356 294 -1 0 0
355 294 -1 0 0
354 294 -1 0 0
361 293 -1 0 0
360 293 -1 0 0
359 293 -1 0 0
358 293 -1 0 0
357 293 -1 0 0
356 293 -1 0 0
355 293 -1 0 0
358 292 -1 0 0
222 242 -1 0 0
225 241 -1 0 0
224 241 -1 0 0
223 241 -1 0 0
222 241 -1 0 0
221 241 -1 0 0
220 241 -1 0 0
219 241 -1 0 0
226 240 -1 0 0
225 240 -1 0 0
224 240 -1 0 0
223 240 -1 0 0
222 240 -1 0 0
221 240 -1 0 0
220 240 -1 0 0
219 240 -1 0 0
218 240 -1 0 0
226 239 -1 0 0
225 239 -1 0 0
224 239 -1 0 0
223 239 -1 0 0
222 239 -1 0 0
221 239 -1 0 0
220 239 -1 0 0
219 239 -1 0 0
218 239 -1 0 0
226 238 -1 0 0
225 238 -1 0 0
224 238 -1 0 0
223 238 -1 0 0
222 238 -1 0 0
221 238 -1 0 0
220 238 -1 0 0
219 238 -1 0 0
218 238 -1 0 0
227 237 -1 0 0
226 237 -1 0 0
225 237 -1 0 0
224 237 -1 0 0
223 237 -1 0 0
222 237 -1 0 0
221 237 -1 0 0
220 237 -1 0 0
219 237 -1 0 0
218 237 -1 0 0
217 237 -1 0 0
226 236 -1 0 0
225 236 -1 0 0
224 236 -1 0 0
223 236 -1 0 0
222 236 -1 0 0
221 236 -1 0 0
220 236 -1 0 0
219 236 -1 0 0
218 236 -1 0 0
226 235 -1 0 0
225 235 -1 0 0
224 235 -1 0 0
223 235 -1 0 0
222 235 -1 0 0
221 235 -1 0 0
220 235 -1 0 0
219 235 -1 0 0
218 235 -1 0 0
226 234 -1 0 0
225 234 -1 0 0
224 234 -1 0 0
223 234 -1 0 0
222 234 -1 0 0
221 234 -1 0 0
220 234 -1 0 0
219 234 -1 0 0
218 234 -1 0 0
225 233 -1 0 0
224 233 -1 0 0
223 233 -1 0 0
222 233 -1 0 0
221 233 -1 0 0
220 233 -1 0 0
219 233 -1 0 0
222 232 -1 0 0
226 187 -1 1 0
229 186 -1 1 0
228 186 -1 1 0
227 186 -1 1 0
226 186 -1 1 0
225 186 -1 1 0
224 186 -1 1 0
223 186 -1 1 0
210 186 -1 1 0
230 185 -1 1 0
229 185 -1 1 0
228 185 -1 1 0
227 185 -1 1 0
226 185 -1 1 0
225 185 -1 1 0
224 185 -1 1 0
223 185 -1 1 0
222 185 -1 1 0
213 185 -1 1 0
212 185 -1 1 0
211 185 -1 1 0
210 185 -1 1 0
209 185 -1 1 0
208 185 -1 1 0
207 185 -1 1 0
230 184 -1 1 0
229 184 -1 1 0
228 184 -1 1 0
227 184 -1 1 0
226 184 -1 1 0
225 184 -1 1 0
224 184 -1 1 0
223 184 -1 1 0
222 184 -1 1 0
214 184 -1 1 0
213 184 -1 1 0
212 184 -1 1 0
211 184 -1 1 0
210 184 -1 1 0
209 184 -1 1 0
208 184 -1 1 0
207 184 -1 1 0
206 184 -1 1 0
193 184 -1 1 0
230 183 -1 1 0
229 183 -1 1 0
228 183 -1 1 0
227 183 -1 1 0
226 183 -1 1 0
225 183 -1 1 0
224 183 -1 1 0
223 183 -1 1 0
222 183 -1 1 0
214 183 -1 1 0
213 183 -1 1 0
212 183 -1 1 0
211 183 -1 1 0
210 183 -1 1 0
209 183 -1 1 0
208 183 -1 1 0
207 183 -1 1 0
206 183 -1 1 0
196 183 -1 1 0
195 183 -1 1 0
194 183 -1 1 0
193 183 -1 1 0
192 183 -1 1 0
191 183 -1 1 0
190 183 -1 1 0
172 183 -1 1 0
231 182 -1 1 0
230 182 -1 1 0
229 182 -1 1 0
228 182 -1 1 0
227 182 -1 1 0
226 182 -1 1 0
225 182 -1 1 0
224 182 -1 1 0
223 182 -1 1 0
222 182 -1 1 0
221 182 -1 1 0
214 182 -1 1 0
213 182 -1 1 0
212 182 -1 1 0
211 182 -1 1 0
210 182 -1 1 0
209 182 -1 1 0
208 182 -1 1 0
207 182 -1 1 0
206 182 -1 1 0
197 182 -1 1 0
196 182 -1 1 0
195 182 -1 1 0
194 182 -1 1 0
193 182 -1 1 0
192 182 -1 1 0
191 182 -1 1 0
190 182 -1 1 0
189 182 -1 1 0
175 182 -1 1 0
174 182 -1 1 0
173 182 -1 1 0
172 182 -1 1 0
171 182 -1 1 0
170 182 -1 1 0
169 182 -1 1 0
230 181 -1 1 0
229 181 -1 1 0
228 181 -1 1 0
227 181 -1 1 0
226 181 -1 1 0
225 181 -1 1 0
224 181 -1 1 0
223 181 -1 1 0
222 181 -1 1 0
215 181 -1 1 0
214 181 -1 1 0
213 181 -1 1 0
212 181 -1 1 0
211 181 -1 1 0
210 181 -1 1 0
209 181 -1 1 0
208 181 -1 1 0
207 181 -1 1 0
206 181 -1 1 0
205 181 -1 1 0
197 181 -1 1 0
196 181 -1 1 0
195 181 -1 1 0
194 181 -1 1 0
193 181 -1 1 0
192 181 -1 1 0
191 181 -1 1 0
190 181 -1 1 0
189 181 -1 1 0
176 181 -1 1 0
175 181 -1 1 0
174 181 -1 1 0
173 181 -1 1 0
172 181 -1 1 0
171 181 -1 1 0
170 181 -1 1 0
169 181 -1 1 0
168 181 -1 1 0
230 180 -1 1 0
229 180 -1 1 0
228 180 -1 1 0
227 180 -1 1 0
226 180 -1 1 0
225 180 -1 1 0
224 180 -1 1 0
223 180 -1 1 0
222 180 -1 1 0
214 180 -1 1 0
213 180 -1 1 0
212 180 -1 1 0
211 180 -1 1 0
210 180 -1 1 0
209 180 -1 1 0
208 180 -1 1 0
207 180 -1 1 0
206 180 -1 1 0
197 180 -1 1 0
196 180 -1 1 0
195 180 -1 1 0
194 180 -1 1 0
193 180 -1 1 0
192 180 -1 1 0
191 180 -1 1 0
190 180 -1 1 0
189 180 -1 1 0
176 180 -1 1 0
175 180 -1 1 0
174 180 -1 1 0
173 180 -1 1 0
172 180 -1 1 0
171 180 -1 1 0
170 180 -1 1 0
169 180 -1 1 0
168 180 -1 1 0
230 179 -1 1 0
229 179 -1 1 0
228 179 -1 1 0
227 179 -1 1 0
226 179 -1 1 0
225 179 -1 1 0
224 179 -1 1 0
223 179 -1 1 0
222 179 -1 1 0
214 179 -1 1 0
213 179 -1 1 0
212 179 -1 1 0
211 179 -1 1 0
210 179 -1 1 0
209 179 -1 1 0
208 179 -1 1 0
207 179 -1 1 0
206 179 -1 1 0
198 179 -1 1 0
197 179 -1 1 0
196 179 -1 1 0
195 179 -1 1 0
194 179 -1 1 0
193 179 -1 1 0
192 179 -1 1 0
191 179 -1 1 0
190 179 -1 1 0
189 179 -1 1 0
188 179 -1 1 0
176 179 -1 1 0
175 179 -1 1 0
174 179 -1 1 0
173 179 -1 1 0
172 179 -1 1 0
171 179 -1 1 0
170 179 -1 1 0
169 179 -1 1 0
168 179 -1 1 0
229 178 -1 1 0
228 178 -1 1 0
227 178 -1 1 0
226 178 -1 1 0
225 178 -1 1 0
224 178 -1 1 0
223 178 -1 1 0
214 178 -1 1 0
213 178 -1 1 0
212 178 -1 1 0
211 178 -1 1 0
210 178 -1 1 0
209 178 -1 1 0
208 178 -1 1 0
207 178 -1 1 0
206 178 -1 1 0
197 178 -1 1 0
196 178 -1 1 0
195 178 -1 1 0
194 178 -1 1 0
193 178 -1 1 0
192 178 -1 1 0
191 178 -1 1 0
190 178 -1 1 0
189 178 -1 1 0
177 178 -1 1 0
176 178 -1 1 0
175 178 -1 1 0
174 178 -1 1 0
173 178 -1 1 0
172 178 -1 1 0
171 178 -1 1 0
170 178 -1 1 0
169 178 -1 1 0
168 178 -1 1 0
167 178 -1 1 0
226 177 -1 1 0
213 177 -1 1 0
212 177 -1 1 0
211 177 -1 1 0
210 177 -1 1 0
209 177 -1 1 0
208 177 -1 1 0
207 177 -1 1 0
197 177 -1 1 0
196 177 -1 1 0
195 177 -1 1 0
194 177 -1 1 0
193 177 -1 1 0
192 177 -1 1 0
191 177 -1 1 0
190 177 -1 1 0
189 177 -1 1 0
176 177 -1 1 0
175 177 -1 1 0
174 177 -1 1 0
173 177 -1 1 0
172 177 -1 1 0
171 177 -1 1 0
170 177 -1 1 0
169 177 -1 1 0
168 177 -1 1 0
210 176 -1 1 0
197 176 -1 1 0
196 176 -1 1 0
195 176 -1 1 0
194 176 -1 1 0
193 176 -1 1 0
192 176 -1 1 0
191 176 -1 1 0
190 176 -1 1 0
189 176 -1 1 0
176 176 -1 1 0
175 176 -1 1 0
174 176 -1 1 0
173 176 -1 1 0
172 176 -1 1 0
171 176 -1 1 0
170 176 -1 1 0
169 176 -1 1 0
168 176 -1 1 0
196 175 -1 1 0
195 175 -1 1 0
194 175 -1 1 0
193 175 -1 1 0
192 175 -1 1 0
191 175 -1 1 0
190 175 -1 1 0
176 175 -1 1 0
175 175 -1 1 0
174 175 -1 1 0
173 175 -1 1 0
172 175 -1 1 0
171 175 -1 1 0
170 175 -1 1 0
169 175 -1 1 0
168 175 -1 1 0
193 174 -1 1 0
175 174 -1 1 0
174 174 -1 1 0
173 174 -1 1 0
172 174 -1 1 0
171 174 -1 1 0
170 174 -1 1 0
169 174 -1 1 0
172 173 -1 1 0
221 143 -1 0 0
224 142 -1 0 0
223 142 -1 0 0
222 142 -1 0 0
221 142 -1 0 0
220 142 -1 0 0
219 142 -1 0 0
218 142 -1 0 0
225 141 -1 0 0
224 141 -1 0 0
223 141 -1 0 0
222 141 -1 0 0
221 141 -1 0 0
220 141 -1 0 0
219 141 -1 0 0
218 141 -1 0 0
217 141 -1 0 0
225 140 -1 0 0
224 140 -1 0 0
223 140 -1 0 0
222 140 -1 0 0
221 140 -1 0 0
220 140 -1 0 0
219 140 -1 0 0
218 140 -1 0 0
217 140 -1 0 0
225 139 -1 0 0
224 139 -1 0 0
223 139 -1 0 0
222 139 -1 0 0
221 139 -1 0 0
220 139 -1 0 0
219 139 -1 0 0
218 139 -1 0 0
217 139 -1 0 0
226 138 -1 0 0
225 138 -1 0 0
224 138 -1 0 0
223 138 -1 0 0
222 138 -1 0 0
221 138 -1 0 0
220 138 -1 0 0
219 138 -1 0 0
218 138 -1 0 0
217 138 -1 0 0
216 138 -1 0 0
225 137 -1 0 0
224 137 -1 0 0
223 137 -1 0 0
222 137 -1 0 0
221 137 -1 0 0
220 137 -1 0 0
219 137 -1 0 0
218 137 -1 0 0
217 137 -1 0 0
225 136 -1 0 0
224 136 -1 0 0
223 136 -1 0 0
222 136 -1 0 0
221 136 -1 0 0
220 136 -1 0 0
219 136 -1 0 0
218 136 -1 0 0
217 136 -1 0 0
225 135 -1 0 0
224 135 -1 0 0
223 135 -1 0 0
222 135 -1 0 0
221 135 -1 0 0
220 135 -1 0 0
219 135 -1 0 0
218 135 -1 0 0
217 135 -1 0 0
224 134 -1 0 0
223 134 -1 0 0
222 134 -1 0 0
221 134 -1 0 0
220 134 -1 0 0
219 134 -1 0 0
218 134 -1 0 0
221 133 -1 0 0
