1642 400 400
328 394 -1 0 0
331 393 -1 0 0
330 393 -1 0 0
329 393 -1 0 0
328 393 -1 0 0
327 393 -1 0 0
326 393 -1 0 0
325 393 -1 0 0
332 392 -1 0 0
331 392 -1 0 0
330 392 -1 0 0
329 392 -1 0 0
328 392 -1 0 0
327 392 -1 0 0
326 392 -1 0 0
325 392 -1 0 0
324 392 -1 0 0
332 391 -1 0 0
331 391 -1 0 0
330 391 -1 0 0
329 391 -1 0 0
328 391 -1 0 0
327 391 -1 0 0
326 391 -1 0 0
325 391 -1 0 0
324 391 -1 0 0
332 390 -1 0 0
331 390 -1 0 0
330 390 -1 0 0
329 390 -1 0 0
328 390 -1 0 0
327 390 -1 0 0
326 390 -1 0 0
325 390 -1 0 0
324 390 -1 0 0
333 389 -1 0 0
332 389 -1 0 0
331 389 -1 0 0
330 389 -1 0 0
329 389 -1 0 0
328 389 -1 0 0
327 389 -1 0 0
326 389 -1 0 0
325 389 -1 0 0
324 389 -1 0 0
323 389 -1 0 0
332 388 -1 0 0
331 388 -1 0 0
330 388 -1 0 0
329 388 -1 0 0
328 388 -1 0 0
327 388 -1 0 0
326 388 -1 0 0
325 388 -1 0 0
324 388 -1 0 0
332 387 -1 0 0
331 387 -1 0 0
330 387 -1 0 0
329 387 -1 0 0
328 387 -1 0 0
327 387 -1 0 0
326 387 -1 0 0
325 387 -1 0 0
324 387 -1 0 0
332 386 -1 0 0
331 386 -1 0 0
330 386 -1 0 0
329 386 -1 0 0
328 386 -1 0 0
327 386 -1 0 0
326 386 -1 0 0
325 386 -1 0 0
324 386 -1 0 0
331 385 -1 0 0
330 385 -1 0 0
329 385 -1 0 0
328 385 -1 0 0
327 385 -1 0 0
326 385 -1 0 0
325 385 -1 0 0
328 384 -1 0 0
358 372 -1 0 0
361 371 -1 0 0
360 371 -1 0 0
359 371 -1 0 0
358 371 -1 0 0
357 371 -1 0 0
356 371 -1 0 0
355 371 -1 0 0
362 370 -1 0 0
361 370 -1 0 0
360 370 -1 0 0
359 370 -1 0 0
358 370 -1 0 0
357 370 -1 0 0
356 370 -1 0 0
355 370 -1 0 0
354 370 -1 0 0
362 369 -1 0 0
361 369 -1 0 0
360 369 -1 0 0
359 369 -1 0 0
358 369 -1 0 0
357 369 -1 0 0
356 369 -1 0 0
355 369 -1 0 0
354 369 -1 0 0
362 368 -1 0 0
361 368 -1 0 0
360 368 -1 0 0
359 368 -1 0 0
358 368 -1 0 0
357 368 -1 0 0
356 368 -1 0 0
355 368 -1 0 0
354 368 -1 0 0
363 367 -1 0 0
362 367 -1 0 0
361 367 -1 0 0
360 367 -1 0 0
359 367 -1 0 0
358 367 -1 0 0
357 367 -1 0 0
356 367 -1 0 0
355 367 -1 0 0
354 367 -1 0 0
353 367 -1 0 0
362 366 -1 0 0
361 366 -1 0 0
360 366 -1 0 0
359 366 -1 0 0
358 366 -1 0 0
357 366 -1 0 0
356 366 -1 0 0
355 366 -1 0 0
354 366 -1 0 0
362 365 -1 0 0
361 365 -1 0 0
360 365 -1 0 0
359 365 -1 0 0
358 365 -1 0 0
357 365 -1 0 0
356 365 -1 0 0
355 365 -1 0 0
354 365 -1 0 0
362 364 -1 0 0
361 364 -1 0 0
360 364 -1 0 0
359 364 -1 0 0
358 364 -1 0 0
357 364 -1 0 0
356 364 -1 0 0
355 364 -1 0 0
354 364 -1 0 0
361 363 -1 0 0
360 363 -1 0 0
359 363 -1 0 0
358 363 -1 0 0
357 363 -1 0 0
356 363 -1 0 0
355 363 -1 0 0
358 362 -1 0 0
303 344 -1 0 0
306 343 -1 0 0
305 343 -1 0 0
304 343 -1 0 0
303 343 -1 0 0
302 343 -1 0 0
301 343 -1 0 0
300 343 -1 0 0
285 343 -1 0 0
307 342 -1 0 0
306 342 -1 0 0
305 342 -1 0 0
304 342 -1 0 0
303 342 -1 0 0
302 342 -1 0 0
301 342 -1 0 0
300 342 -1 0 0
299 342 -1 0 0
288 342 -1 0 0
287 342 -1 0 0
286 342 -1 0 0
285 342 -1 0 0
284 342 -1 0 0
283 342 -1 0 0
282 342 -1 0 0
307 341 -1 0 0
306 341 -1 0 0
305 341 -1 0 0
304 341 -1 0 0
303 341 -1 0 0
302 341 -1 0 0
301 341 -1 0 0
300 341 -1 0 0
299 341 -1 0 0
289 341 -1 0 0
288 341 -1 0 0
287 341 -1 0 0
286 341 -1 0 0
285 341 -1 0 0
284 341 -1 0 0
283 341 -1 0 0
282 341 -1 0 0
281 341 -1 0 0
307 340 -1 0 0
306 340 -1 0 0
305 340 -1 0 0
304 340 -1 0 0
303 340 -1 0 0
302 340 -1 0 0
301 340 -1 0 0
300 340 -1 0 0
299 340 -1 0 0
289 340 -1 0 0
288 340 -1 0 0
287 340 -1 0 0
286 340 -1 0 0
285 340 -1 0 0
284 340 -1 0 0
283 340 -1 0 0
282 340 -1 0 0
281 340 -1 0 0
308 339 -1 0 0
307 339 -1 0 0
306 339 -1 0 0
305 339 -1 0 0
304 339 -1 0 0
303 339 -1 0 0
302 339 -1 0 0
301 339 -1 0 0
300 339 -1 0 0
299 339 -1 0 0
298 339 -1 0 0
289 339 -1 0 0
288 339 -1 0 0
287 339 -1 0 0
286 339 -1 0 0
285 339 -1 0 0
284 339 -1 0 0
283 339 -1 0 0
282 339 -1 0 0
281 339 -1 0 0
307 338 -1 0 0
306 338 -1 0 0
305 338 -1 0 0
304 338 -1 0 0
303 338 -1 0 0
302 338 -1 0 0
301 338 -1 0 0
300 338 -1 0 0
299 338 -1 0 0
290 338 -1 0 0
289 338 -1 0 0
288 338 -1 0 0
287 338 -1 0 0
286 338 -1 0 0
285 338 -1 0 0
284 338 -1 0 0
283 338 -1 0 0
282 338 -1 0 0
281 338 -1 0 0
280 338 -1 0 0
307 337 -1 0 0
306 337 -1 0 0
305 337 -1 0 0
304 337 -1 0 0
303 337 -1 0 0
302 337 -1 0 0
301 337 -1 0 0
300 337 -1 0 0
299 337 -1 0 0
289 337 -1 0 0
288 337 -1 0 0
287 337 -1 0 0
286 337 -1 0 0
285 337 -1 0 0
284 337 -1 0 0
283 337 -1 0 0
282 337 -1 0 0
281 337 -1 0 0
307 336 -1 0 0
306 336 -1 0 0
305 336 -1 0 0
304 336 -1 0 0
303 336 -1 0 0
302 336 -1 0 0
301 336 -1 0 0
300 336 -1 0 0
299 336 -1 0 0
289 336 -1 0 0
288 336 -1 0 0
287 336 -1 0 0
286 336 -1 0 0
285 336 -1 0 0
284 336 -1 0 0
283 336 -1 0 0
282 336 -1 0 0
281 336 -1 0 0
306 335 -1 0 0
305 335 -1 0 0
304 335 -1 0 0
303 335 -1 0 0
302 335 -1 0 0
301 335 -1 0 0
300 335 -1 0 0
289 335 -1 0 0
288 335 -1 0 0
287 335 -1 0 0
286 335 -1 0 0
285 335 -1 0 0
284 335 -1 0 0
283 335 -1 0 0
282 335 -1 0 0
281 335 -1 0 0
303 334 -1 0 0
288 334 -1 0 0
287 334 -1 0 0
286 334 -1 0 0
285 334 -1 0 0
284 334 -1 0 0
283 334 -1 0 0
282 334 -1 0 0
285 333 -1 0 0
341 329 -1 0 0
344 328 -1 0 0
343 328 -1 0 0
342 328 -1 0 0
341 328 -1 0 0
340 328 -1 0 0
339 328 -1 0 0
338 328 -1 0 0
345 327 -1 0 0
344 327 -1 0 0
343 327 -1 0 0
342 327 -1 0 0
341 327 -1 0 0
340 327 -1 0 0
339 327 -1 0 0
338 327 -1 0 0
337 327 -1 0 0
345 326 -1 0 0
344 326 -1 0 0
343 326 -1 0 0
342 326 -1 0 0
341 326 -1 0 0
340 326 -1 0 0
339 326 -1 0 0
338 326 -1 0 0
337 326 -1 0 0
345 325 -1 0 0
344 325 -1 0 0
343 325 -1 0 0
342 325 -1 0 0
341 325 -1 0 0
340 325 -1 0 0
339 325 -1 0 0
338 325 -1 0 0
337 325 -1 0 0
346 324 -1 0 0
345 324 -1 0 0
344 324 -1 0 0
343 324 -1 0 0
342 324 -1 0 0
341 324 -1 0 0
340 324 -1 0 0
339 324 -1 0 0
338 324 -1 0 0
337 324 -1 0 0
336 324 -1 0 0
383 323 -1 0 0
345 323 -1 0 0
344 323 -1 0 0
343 323 -1 0 0
342 323 -1 0 0
341 323 -1 0 0
340 323 -1 0 0
339 323 -1 0 0
338 323 -1 0 0
337 323 -1 0 0
386 322 -1 0 0
385 322 -1 0 0
384 322 -1 0 0
383 322 -1 0 0
382 322 -1 0 0
381 322 -1 0 0
380 322 -1 0 0
345 322 -1 0 0
344 322 -1 0 0
343 322 -1 0 0
342 322 -1 0 0
341 322 -1 0 0
340 322 -1 0 0
339 322 -1 0 0
338 322 -1 0 0
337 322 -1 0 0
387 321 -1 0 0
386 321 -1 0 0
385 321 -1 0 0
384 321 -1 0 0
383 321 -1 0 0
382 321 -1 0 0
381 321 -1 0 0
380 321 -1 0 0
379 321 -1 0 0
345 321 -1 0 0
344 321 -1 0 0
343 321 -1 0 0
342 321 -1 0 0
341 321 -1 0 0
340 321 -1 0 0
339 321 -1 0 0
338 321 -1 0 0
337 321 -1 0 0
300 321 -1 1 0
387 320 -1 0 0
386 320 -1 0 0
385 320 -1 0 0
384 320 -1 0 0
383 320 -1 0 0
382 320 -1 0 0
381 320 -1 0 0
380 320 -1 0 0
379 320 -1 0 0
344 320 -1 0 0
343 320 -1 0 0
342 320 -1 0 0
341 320 -1 0 0
340 320 -1 0 0
339 320 -1 0 0
338 320 -1 0 0
303 320 -1 1 0
302 320 -1 1 0
301 320 -1 1 0
300 320 -1 1 0
299 320 -1 1 0
298 320 -1 1 0
297 320 -1 1 0
387 319 -1 0 0
386 319 -1 0 0
385 319 -1 0 0
384 319 -1 0 0
383 319 -1 0 0
382 319 -1 0 0
381 319 -1 0 0
380 319 -1 0 0
379 319 -1 0 0
341 319 -1 0 0
304 319 -1 1 0
303 319 -1 1 0
302 319 -1 1 0
301 319 -1 1 0
300 319 -1 1 0
299 319 -1 1 0
298 319 -1 1 0
297 319 -1 1 0
296 319 -1 1 0
289 319 -1 1 0
388 318 -1 0 0
387 318 -1 0 0
386 318 -1 0 0
385 318 -1 0 0
384 318 -1 0 0
383 318 -1 0 0
382 318 -1 0 0
381 318 -1 0 0
380 318 -1 0 0
379 318 -1 0 0
378 318 -1 0 0
304 318 -1 1 0
303 318 -1 1 0
302 318 -1 1 0
301 318 -1 1 0
300 318 -1 1 0
299 318 -1 1 0
298 318 -1 1 0
297 318 -1 1 0
296 318 -1 1 0
292 318 -1 1 0
291 318 -1 1 0
290 318 -1 1 0
289 318 -1 1 0
288 318 -1 1 0
287 318 -1 1 0
286 318 -1 1 0
387 317 -1 0 0
386 317 -1 0 0
385 317 -1 0 0
384 317 -1 0 0
383 317 -1 0 0
382 317 -1 0 0
381 317 -1 0 0
380 317 -1 0 0
379 317 -1 0 0
304 317 -1 1 0
303 317 -1 1 0
302 317 -1 1 0
301 317 -1 1 0
300 317 -1 1 0
299 317 -1 1 0
298 317 -1 1 0
297 317 -1 1 0
296 317 -1 1 0
293 317 -1 1 0
292 317 -1 1 0
291 317 -1 1 0
290 317 -1 1 0
289 317 -1 1 0
288 317 -1 1 0
287 317 -1 1 0
286 317 -1 1 0
285 317 -1 1 0
222 317 -1 0 0
387 316 -1 0 0
386 316 -1 0 0
385 316 -1 0 0
384 316 -1 0 0
383 316 -1 0 0
382 316 -1 0 0
381 316 -1 0 0
380 316 -1 0 0
379 316 -1 0 0
305 316 -1 1 0
304 316 -1 1 0
303 316 -1 1 0
302 316 -1 1 0
301 316 -1 1 0
300 316 -1 1 0
299 316 -1 1 0
298 316 -1 1 0
297 316 -1 1 0
296 316 -1 1 0
295 316 -1 1 0
293 316 -1 1 0
292 316 -1 1 0
291 316 -1 1 0
290 316 -1 1 0
289 316 -1 1 0
288 316 -1 1 0
287 316 -1 1 0
286 316 -1 1 0
285 316 -1 1 0
225 316 -1 0 0
224 316 -1 0 0
223 316 -1 0 0
222 316 -1 0 0
221 316 -1 0 0
220 316 -1 0 0
219 316 -1 0 0
387 315 -1 0 0
386 315 -1 0 0
385 315 -1 0 0
384 315 -1 0 0
383 315 -1 0 0
382 315 -1 0 0
381 315 -1 0 0
380 315 -1 0 0
379 315 -1 0 0
304 315 -1 1 0
303 315 -1 1 0
302 315 -1 1 0
301 315 -1 1 0
300 315 -1 1 0
299 315 -1 1 0
298 315 -1 1 0
297 315 -1 1 0
296 315 -1 1 0
293 315 -1 1 0
292 315 -1 1 0
291 315 -1 1 0
290 315 -1 1 0
289 315 -1 1 0
288 315 -1 1 0
287 315 -1 1 0
286 315 -1 1 0
285 315 -1 1 0
226 315 -1 0 0
225 315 -1 0 0
224 315 -1 0 0
223 315 -1 0 0
222 315 -1 0 0
221 315 -1 0 0
220 315 -1 0 0
219 315 -1 0 0
218 315 -1 0 0
386 314 -1 0 0
385 314 -1 0 0
384 314 -1 0 0
383 314 -1 0 0
382 314 -1 0 0
381 314 -1 0 0
380 314 -1 0 0
304 314 -1 1 0
303 314 -1 1 0
302 314 -1 1 0
301 314 -1 1 0
300 314 -1 1 0
299 314 -1 1 0
298 314 -1 1 0
297 314 -1 1 0
296 314 -1 1 0
294 314 -1 1 0
293 314 -1 1 0
292 314 -1 1 0
291 314 -1 1 0
290 314 -1 1 0
289 314 -1 1 0
288 314 -1 1 0
287 314 -1 1 0
286 314 -1 1 0
285 314 -1 1 0
284 314 -1 1 0
226 314 -1 0 0
225 314 -1 0 0
224 314 -1 0 0
223 314 -1 0 0
222 314 -1 0 0
221 314 -1 0 0
220 314 -1 0 0
219 314 -1 0 0
218 314 -1 0 0
383 313 -1 0 0
304 313 -1 1 0
303 313 -1 1 0
302 313 -1 1 0
301 313 -1 1 0
300 313 -1 1 0
299 313 -1 1 0
298 313 -1 1 0
297 313 -1 1 0
296 313 -1 1 0
293 313 -1 1 0
292 313 -1 1 0
291 313 -1 1 0
290 313 -1 1 0
289 313 -1 1 0
288 313 -1 1 0
287 313 -1 1 0
286 313 -1 1 0
285 313 -1 1 0
226 313 -1 0 0
225 313 -1 0 0
224 313 -1 0 0
223 313 -1 0 0
222 313 -1 0 0
221 313 -1 0 0
220 313 -1 0 0
219 313 -1 0 0
218 313 -1 0 0
303 312 -1 1 0
302 312 -1 1 0
301 312 -1 1 0
300 312 -1 1 0
299 312 -1 1 0
298 312 -1 1 0
297 312 -1 1 0
293 312 -1 1 0
292 312 -1 1 0
291 312 -1 1 0
290 312 -1 1 0
289 312 -1 1 0
288 312 -1 1 0
287 312 -1 1 0
286 312 -1 1 0
285 312 -1 1 0
227 312 -1 0 0
226 312 -1 0 0
225 312 -1 0 0
224 312 -1 0 0
223 312 -1 0 0
222 312 -1 0 0
221 312 -1 0 0
220 312 -1 0 0
219 312 -1 0 0
218 312 -1 0 0
217 312 -1 0 0
327 311 -1 1 0
300 311 -1 1 0
293 311 -1 1 0
292 311 -1 1 0
291 311 -1 1 0
290 311 -1 1 0
289 311 -1 1 0
288 311 -1 1 0
287 311 -1 1 0
286 311 -1 1 0
285 311 -1 1 0
226 311 -1 0 0
225 311 -1 0 0
224 311 -1 0 0
223 311 -1 0 0
222 311 -1 0 0
221 311 -1 0 0
220 311 -1 0 0
219 311 -1 0 0
218 311 -1 0 0
330 310 -1 1 0
329 310 -1 1 0
328 310 -1 1 0
327 310 -1 1 0
326 310 -1 1 0
325 310 -1 1 0
324 310 -1 1 0
292 310 -1 1 0
291 310 -1 1 0
290 310 -1 1 0
289 310 -1 1 0
288 310 -1 1 0
287 310 -1 1 0
286 310 -1 1 0
226 310 -1 0 0
225 310 -1 0 0
224 310 -1 0 0
223 310 -1 0 0
222 310 -1 0 0
221 310 -1 0 0
220 310 -1 0 0
219 310 -1 0 0
218 310 -1 0 0
331 309 -1 1 0
330 309 -1 1 0
329 309 -1 1 0
328 309 -1 1 0
327 309 -1 1 0
326 309 -1 1 0
325 309 -1 1 0
324 309 -1 1 0
323 309 -1 1 0
289 309 -1 1 0
226 309 -1 0 0
225 309 -1 0 0
224 309 -1 0 0
223 309 -1 0 0
222 309 -1 0 0
221 309 -1 0 0
220 309 -1 0 0
219 309 -1 0 0
218 309 -1 0 0
331 308 -1 1 0
330 308 -1 1 0
329 308 -1 1 0
328 308 -1 1 0
327 308 -1 1 0
326 308 -1 1 0
325 308 -1 1 0
324 308 -1 1 0
323 308 -1 1 0
299 308 -1 1 0
225 308 -1 0 0
224 308 -1 0 0
223 308 -1 0 0
222 308 -1 0 0
221 308 -1 0 0
220 308 -1 0 0
219 308 -1 0 0
331 307 -1 1 0
330 307 -1 1 0
329 307 -1 1 0
328 307 -1 1 0
327 307 -1 1 0
326 307 -1 1 0
325 307 -1 1 0
324 307 -1 1 0
323 307 -1 1 0
313 307 -1 1 0
302 307 -1 1 0
301 307 -1 1 0
300 307 -1 1 0
299 307 -1 1 0
298 307 -1 1 0
297 307 -1 1 0
296 307 -1 1 0
222 307 -1 0 0
332 306 -1 1 0
331 306 -1 1 0
330 306 -1 1 0
329 306 -1 1 0
328 306 -1 1 0
327 306 -1 1 0
326 306 -1 1 0
325 306 -1 1 0
324 306 -1 1 0
323 306 -1 1 0
322 306 -1 1 0
316 306 -1 1 0
315 306 -1 1 0
314 306 -1 1 0
313 306 -1 1 0
312 306 -1 1 0
311 306 -1 1 0
310 306 -1 1 0
303 306 -1 1 0
302 306 -1 1 0
301 306 -1 1 0
300 306 -1 1 0
299 306 -1 1 0
298 306 -1 1 0
297 306 -1 1 0
296 306 -1 1 0
295 306 -1 1 0
331 305 -1 1 0
330 305 -1 1 0
329 305 -1 1 0
328 305 -1 1 0
327 305 -1 1 0
326 305 -1 1 0
325 305 -1 1 0
324 305 -1 1 0
323 305 -1 1 0
317 305 -1 1 0
316 305 -1 1 0
315 305 -1 1 0
314 305 -1 1 0
313 305 -1 1 0
312 305 -1 1 0
311 305 -1 1 0
310 305 -1 1 0
309 305 -1 1 0
303 305 -1 1 0
302 305 -1 1 0
301 305 -1 1 0
300 305 -1 1 0
299 305 -1 1 0
298 305 -1 1 0
297 305 -1 1 0
296 305 -1 1 0
295 305 -1 1 0
331 304 -1 1 0
330 304 -1 1 0
329 304 -1 1 0
328 304 -1 1 0
327 304 -1 1 0
326 304 -1 1 0
325 304 -1 1 0
324 304 -1 1 0
323 304 -1 1 0
317 304 -1 1 0
316 304 -1 1 0
315 304 -1 1 0
314 304 -1 1 0
313 304 -1 1 0
312 304 -1 1 0
311 304 -1 1 0
310 304 -1 1 0
309 304 -1 1 0
303 304 -1 1 0
302 304 -1 1 0
301 304 -1 1 0
300 304 -1 1 0
299 304 -1 1 0
298 304 -1 1 0
297 304 -1 1 0
296 304 -1 1 0
295 304 -1 1 0
331 303 -1 1 0
330 303 -1 1 0
329 303 -1 1 0
328 303 -1 1 0
327 303 -1 1 0
326 303 -1 1 0
325 303 -1 1 0
324 303 -1 1 0
323 303 -1 1 0
317 303 -1 1 0
316 303 -1 1 0
315 303 -1 1 0
314 303 -1 1 0
313 303 -1 1 0
312 303 -1 1 0
311 303 -1 1 0
310 303 -1 1 0
309 303 -1 1 0
304 303 -1 1 0
303 303 -1 1 0
302 303 -1 1 0
301 303 -1 1 0
300 303 -1 1 0
299 303 -1 1 0
298 303 -1 1 0
297 303 -1 1 0
296 303 -1 1 0
295 303 -1 1 0
294 303 -1 1 0
330 302 -1 1 0
329 302 -1 1 0
328 302 -1 1 0
327 302 -1 1 0
326 302 -1 1 0
325 302 -1 1 0
324 302 -1 1 0
318 302 -1 1 0
317 302 -1 1 0
316 302 -1 1 0
315 302 -1 1 0
314 302 -1 1 0
313 302 -1 1 0
312 302 -1 1 0
311 302 -1 1 0
310 302 -1 1 0
309 302 -1 1 0
308 302 -1 1 0
303 302 -1 1 0
302 302 -1 1 0
301 302 -1 1 0
300 302 -1 1 0
299 302 -1 1 0
298 302 -1 1 0
297 302 -1 1 0
296 302 -1 1 0
295 302 -1 1 0
327 301 -1 1 0
317 301 -1 1 0
316 301 -1 1 0
315 301 -1 1 0
314 301 -1 1 0
313 301 -1 1 0
312 301 -1 1 0
311 301 -1 1 0
310 301 -1 1 0
309 301 -1 1 0
303 301 -1 1 0
302 301 -1 1 0
301 301 -1 1 0
300 301 -1 1 0
299 301 -1 1 0
298 301 -1 1 0
297 301 -1 1 0
296 301 -1 1 0
295 301 -1 1 0
317 300 -1 1 0
316 300 -1 1 0
315 300 -1 1 0
314 300 -1 1 0
313 300 -1 1 0
312 300 -1 1 0
311 300 -1 1 0
310 300 -1 1 0
309 300 -1 1 0
303 300 -1 1 0
302 300 -1 1 0
301 300 -1 1 0
300 300 -1 1 0
299 300 -1 1 0
298 300 -1 1 0
297 300 -1 1 0
296 300 -1 1 0
295 300 -1 1 0
317 299 -1 1 0
316 299 -1 1 0
315 299 -1 1 0
314 299 -1 1 0
313 299 -1 1 0
312 299 -1 1 0
311 299 -1 1 0
310 299 -1 1 0
309 299 -1 1 0
302 299 -1 1 0
301 299 -1 1 0
300 299 -1 1 0
299 299 -1 1 0
298 299 -1 1 0
297 299 -1 1 0
296 299 -1 1 0
334 298 -1 1 0
316 298 -1 1 0
315 298 -1 1 0
314 298 -1 1 0
313 298 -1 1 0
312 298 -1 1 0
311 298 -1 1 0
310 298 -1 1 0
299 298 -1 1 0
269 298 -1 0 0
337 297 -1 1 0
336 297 -1 1 0
335 297 -1 1 0
334 297 -1 1 0
333 297 -1 1 0
332 297 -1 1 0
331 297 -1 1 0
313 297 -1 1 0
272 297 -1 0 0
271 297 -1 0 0
270 297 -1 0 0
269 297 -1 0 0
268 297 -1 0 0
267 297 -1 0 0
266 297 -1 0 0
338 296 -1 1 0
337 296 -1 1 0
336 296 -1 1 0
335 296 -1 1 0
334 296 -1 1 0
333 296 -1 1 0
332 296 -1 1 0
331 296 -1 1 0
330 296 -1 1 0
321 296 -1 1 0
273 296 -1 0 0
272 296 -1 0 0
271 296 -1 0 0
270 296 -1 0 0
269 296 -1 0 0
268 296 -1 0 0
267 296 -1 0 0
266 296 -1 0 0
265 296 -1 0 0
338 295 -1 1 0
337 295 -1 1 0
336 295 -1 1 0
335 295 -1 1 0
334 295 -1 1 0
333 295 -1 1 0
332 295 -1 1 0
331 295 -1 1 0
330 295 -1 1 0
324 295 -1 1 0
323 295 -1 1 0
322 295 -1 1 0
321 295 -1 1 0
320 295 -1 1 0
319 295 -1 1 0
318 295 -1 1 0
273 295 -1 0 0
272 295 -1 0 0
271 295 -1 0 0
270 295 -1 0 0
269 295 -1 0 0
268 295 -1 0 0
267 295 -1 0 0
266 295 -1 0 0
265 295 -1 0 0
338 294 -1 1 0
337 294 -1 1 0
336 294 -1 1 0
335 294 -1 1 0
334 294 -1 1 0
333 294 -1 1 0
332 294 -1 1 0
331 294 -1 1 0
330 294 -1 1 0
325 294 -1 1 0
324 294 -1 1 0
323 294 -1 1 0
322 294 -1 1 0
321 294 -1 1 0
320 294 -1 1 0
319 294 -1 1 0
318 294 -1 1 0
317 294 -1 1 0
273 294 -1 0 0
272 294 -1 0 0
271 294 -1 0 0
270 294 -1 0 0
269 294 -1 0 0
268 294 -1 0 0
267 294 -1 0 0
266 294 -1 0 0
265 294 -1 0 0
339 293 -1 1 0
338 293 -1 1 0
337 293 -1 1 0
336 293 -1 1 0
335 293 -1 1 0
334 293 -1 1 0
333 293 -1 1 0
332 293 -1 1 0
331 293 -1 1 0
330 293 -1 1 0
329 293 -1 1 0
325 293 -1 1 0
324 293 -1 1 0
323 293 -1 1 0
322 293 -1 1 0
321 293 -1 1 0
320 293 -1 1 0
319 293 -1 1 0
318 293 -1 1 0
317 293 -1 1 0
274 293 -1 0 0
273 293 -1 0 0
272 293 -1 0 0
271 293 -1 0 0
270 293 -1 0 0
269 293 -1 0 0
268 293 -1 0 0
267 293 -1 0 0
266 293 -1 0 0
265 293 -1 0 0
264 293 -1 0 0
338 292 -1 1 0
337 292 -1 1 0
336 292 -1 1 0
335 292 -1 1 0
334 292 -1 1 0
333 292 -1 1 0
332 292 -1 1 0
331 292 -1 1 0
330 292 -1 1 0
325 292 -1 1 0
324 292 -1 1 0
323 292 -1 1 0
322 292 -1 1 0
321 292 -1 1 0
320 292 -1 1 0
319 292 -1 1 0
318 292 -1 1 0
317 292 -1 1 0
273 292 -1 0 0
272 292 -1 0 0
271 292 -1 0 0
270 292 -1 0 0
269 292 -1 0 0
268 292 -1 0 0
267 292 -1 0 0
266 292 -1 0 0
265 292 -1 0 0
338 291 -1 1 0
337 291 -1 1 0
336 291 -1 1 0
335 291 -1 1 0
334 291 -1 1 0
333 291 -1 1 0
332 291 -1 1 0
331 291 -1 1 0
330 291 -1 1 0
326 291 -1 1 0
325 291 -1 1 0
324 291 -1 1 0
323 291 -1 1 0
322 291 -1 1 0
321 291 -1 1 0
320 291 -1 1 0
319 291 -1 1 0
318 291 -1 1 0
317 291 -1 1 0
316 291 -1 1 0
273 291 -1 0 0
272 291 -1 0 0
271 291 -1 0 0
270 291 -1 0 0
269 291 -1 0 0
268 291 -1 0 0
267 291 -1 0 0
266 291 -1 0 0
265 291 -1 0 0
338 290 -1 1 0
337 290 -1 1 0
336 290 -1 1 0
335 290 -1 1 0
334 290 -1 1 0
333 290 -1 1 0
332 290 -1 1 0
331 290 -1 1 0
330 290 -1 1 0
325 290 -1 1 0
324 290 -1 1 0
323 290 -1 1 0
322 290 -1 1 0
321 290 -1 1 0
320 290 -1 1 0
319 290 -1 1 0
318 290 -1 1 0
317 290 -1 1 0
273 290 -1 0 0
272 290 -1 0 0
271 290 -1 0 0
270 290 -1 0 0
269 290 -1 0 0
268 290 -1 0 0
267 290 -1 0 0
266 290 -1 0 0
265 290 -1 0 0
337 289 -1 1 0
336 289 -1 1 0
335 289 -1 1 0
334 289 -1 1 0
333 289 -1 1 0
332 289 -1 1 0
331 289 -1 1 0
325 289 -1 1 0
324 289 -1 1 0
323 289 -1 1 0
322 289 -1 1 0
321 289 -1 1 0
320 289 -1 1 0
319 289 -1 1 0
318 289 -1 1 0
317 289 -1 1 0
272 289 -1 0 0
271 289 -1 0 0
270 289 -1 0 0
269 289 -1 0 0
268 289 -1 0 0
267 289 -1 0 0
266 289 -1 0 0
334 288 -1 1 0
325 288 -1 1 0
324 288 -1 1 0
323 288 -1 1 0
322 288 -1 1 0
321 288 -1 1 0
320 288 -1 1 0
319 288 -1 1 0
318 288 -1 1 0
317 288 -1 1 0
269 288 -1 0 0
324 287 -1 1 0
323 287 -1 1 0
322 287 -1 1 0
321 287 -1 1 0
320 287 -1 1 0
319 287 -1 1 0
318 287 -1 1 0
375 286 -1 0 0
321 286 -1 1 0
378 285 -1 0 0
377 285 -1 0 0
376 285 -1 0 0
375 285 -1 0 0
374 285 -1 0 0
373 285 -1 0 0
372 285 -1 0 0
379 284 -1 0 0
378 284 -1 0 0
377 284 -1 0 0
376 284 -1 0 0
375 284 -1 0 0
374 284 -1 0 0
373 284 -1 0 0
372 284 -1 0 0
371 284 -1 0 0
379 283 -1 0 0
378 283 -1 0 0
377 283 -1 0 0
376 283 -1 0 0
375 283 -1 0 0
374 283 -1 0 0
373 283 -1 0 0
372 283 -1 0 0
371 283 -1 0 0
379 282 -1 0 0
378 282 -1 0 0
377 282 -1 0 0
376 282 -1 0 0
375 282 -1 0 0
374 282 -1 0 0
373 282 -1 0 0
372 282 -1 0 0
371 282 -1 0 0
380 281 -1 0 0
379 281 -1 0 0
378 281 -1 0 0
377 281 -1 0 0
376 281 -1 0 0
375 281 -1 0 0
374 281 -1 0 0
373 281 -1 0 0
372 281 -1 0 0
371 281 -1 0 0
370 281 -1 0 0
379 280 -1 0 0
378 280 -1 0 0
377 280 -1 0 0
376 280 -1 0 0
375 280 -1 0 0
374 280 -1 0 0
373 280 -1 0 0
372 280 -1 0 0
371 280 -1 0 0
379 279 -1 0 0
378 279 -1 0 0
377 279 -1 0 0
376 279 -1 0 0
375 279 -1 0 0
374 279 -1 0 0
373 279 -1 0 0
372 279 -1 0 0
371 279 -1 0 0
379 278 -1 0 0
378 278 -1 0 0
377 278 -1 0 0
376 278 -1 0 0
375 278 -1 0 0
374 278 -1 0 0
373 278 -1 0 0
372 278 -1 0 0
371 278 -1 0 0
378 277 -1 0 0
377 277 -1 0 0
376 277 -1 0 0
375 277 -1 0 0
374 277 -1 0 0
373 277 -1 0 0
372 277 -1 0 0
375 276 -1 0 0
311 271 -1 0 0
310 271 -1 0 0
314 270 -1 0 0
313 270 -1 0 0
312 270 -1 0 0
311 270 -1 0 0
310 270 -1 0 0
309 270 -1 0 0
308 270 -1 0 0
307 270 -1 0 0
315 269 -1 0 0
314 269 -1 0 0
313 269 -1 0 0
312 269 -1 0 0
311 269 -1 0 0
310 269 -1 0 0
309 269 -1 0 0
308 269 -1 0 0
307 269 -1 0 0
306 269 -1 0 0
315 268 -1 0 0
314 268 -1 0 0
313 268 -1 0 0
312 268 -1 0 0
311 268 -1 0 0
310 268 -1 0 0
309 268 -1 0 0
308 268 -1 0 0
307 268 -1 0 0
306 268 -1 0 0
358 267 -1 0 0
315 267 -1 0 0
314 267 -1 0 0
313 267 -1 0 0
312 267 -1 0 0
311 267 -1 0 0
310 267 -1 0 0
309 267 -1 0 0
308 267 -1 0 0
307 267 -1 0 0
306 267 -1 0 0
361 266 -1 0 0
360 266 -1 0 0
359 266 -1 0 0
358 266 -1 0 0
357 266 -1 0 0
356 266 -1 0 0
355 266 -1 0 0
316 266 -1 0 0
315 266 -1 0 0
314 266 -1 0 0
313 266 -1 0 0
312 266 -1 0 0
311 266 -1 0 0
310 266 -1 0 0
309 266 -1 0 0
308 266 -1 0 0
307 266 -1 0 0
306 266 -1 0 0
305 266 -1 0 0
362 265 -1 0 0
361 265 -1 0 0
360 265 -1 0 0
359 265 -1 0 0
358 265 -1 0 0
357 265 -1 0 0
356 265 -1 0 0
355 265 -1 0 0
354 265 -1 0 0
315 265 -1 0 0
314 265 -1 0 0
313 265 -1 0 0
312 265 -1 0 0
311 265 -1 0 0
310 265 -1 0 0
309 265 -1 0 0
308 265 -1 0 0
307 265 -1 0 0
306 265 -1 0 0
362 264 -1 0 0
361 264 -1 0 0
360 264 -1 0 0
359 264 -1 0 0
358 264 -1 0 0
357 264 -1 0 0
356 264 -1 0 0
355 264 -1 0 0
354 264 -1 0 0
315 264 -1 0 0
314 264 -1 0 0
313 264 -1 0 0
312 264 -1 0 0
311 264 -1 0 0
310 264 -1 0 0
309 264 -1 0 0
308 264 -1 0 0
307 264 -1 0 0
306 264 -1 0 0
362 263 -1 0 0
361 263 -1 0 0
360 263 -1 0 0
359 263 -1 0 0
358 263 -1 0 0
357 263 -1 0 0
356 263 -1 0 0
355 263 -1 0 0
354 263 -1 0 0
315 263 -1 0 0
314 263 -1 0 0
313 263 -1 0 0
312 263 -1 0 0
311 263 -1 0 0
310 263 -1 0 0
309 263 -1 0 0
308 263 -1 0 0
307 263 -1 0 0
306 263 -1 0 0
363 262 -1 0 0
362 262 -1 0 0
361 262 -1 0 0
360 262 -1 0 0
359 262 -1 0 0
358 262 -1 0 0
357 262 -1 0 0
356 262 -1 0 0
355 262 -1 0 0
354 262 -1 0 0
353 262 -1 0 0
314 262 -1 0 0
313 262 -1 0 0
312 262 -1 0 0
311 262 -1 0 0
310 262 -1 0 0
309 262 -1 0 0
308 262 -1 0 0
307 262 -1 0 0
363 261 -1 0 0
362 261 -1 0 0
361 261 -1 0 0
360 261 -1 0 0
359 261 -1 0 0
358 261 -1 0 0
357 261 -1 0 0
356 261 -1 0 0
355 261 -1 0 0
354 261 -1 0 0
353 261 -1 0 0
311 261 -1 0 0
310 261 -1 0 0
362 260 -1 0 0
361 260 -1 0 0
360 260 -1 0 0
359 260 -1 0 0
358 260 -1 0 0
357 260 -1 0 0
356 260 -1 0 0
355 260 -1 0 0
354 260 -1 0 0
362 259 -1 0 0
361 259 -1 0 0
360 259 -1 0 0
359 259 -1 0 0
358 259 -1 0 0
357 259 -1 0 0
356 259 -1 0 0
355 259 -1 0 0
354 259 -1 0 0
362 258 -1 0 0
361 258 -1 0 0
360 258 -1 0 0
359 258 -1 0 0
358 258 -1 0 0
357 258 -1 0 0
356 258 -1 0 0
355 258 -1 0 0
354 258 -1 0 0
361 257 -1 0 0
360 257 -1 0 0
359 257 -1 0 0
358 257 -1 0 0
357 257 -1 0 0
356 257 -1 0 0
355 257 -1 0 0
358 256 -1 0 0
312 219 -1 0 0
315 218 -1 0 0
314 218 -1 0 0
313 218 -1 0 0
312 218 -1 0 0
311 218 -1 0 0
310 218 -1 0 0
309 218 -1 0 0
316 217 -1 0 0
315 217 -1 0 0
314 217 -1 0 0
313 217 -1 0 0
312 217 -1 0 0
311 217 -1 0 0
310 217 -1 0 0
309 217 -1 0 0
308 217 -1 0 0
316 216 -1 0 0
315 216 -1 0 0
314 216 -1 0 0
313 216 -1 0 0
312 216 -1 0 0
311 216 -1 0 0
310 216 -1 0 0
309 216 -1 0 0
308 216 -1 0 0
316 215 -1 0 0
315 215 -1 0 0
314 215 -1 0 0
313 215 -1 0 0
312 215 -1 0 0
311 215 -1 0 0
310 215 -1 0 0
309 215 -1 0 0
308 215 -1 0 0
317 214 -1 0 0
316 214 -1 0 0
315 214 -1 0 0
314 214 -1 0 0
313 214 -1 0 0
312 214 -1 0 0
311 214 -1 0 0
310 214 -1 0 0
309 214 -1 0 0
308 214 -1 0 0
307 214 -1 0 0
316 213 -1 0 0
315 213 -1 0 0
314 213 -1 0 0
313 213 -1 0 0
312 213 -1 0 0
311 213 -1 0 0
310 213 -1 0 0
309 213 -1 0 0
308 213 -1 0 0
316 212 -1 0 0
315 212 -1 0 0
314 212 -1 0 0
313 212 -1 0 0
312 212 -1 0 0
311 212 -1 0 0
310 212 -1 0 0
309 212 -1 0 0
308 212 -1 0 0
316 211 -1 0 0
315 211 -1 0 0
314 211 -1 0 0
313 211 -1 0 0
312 211 -1 0 0
311 211 -1 0 0
310 211 -1 0 0
309 211 -1 0 0
308 211 -1 0 0
315 210 -1 0 0
314 210 -1 0 0
313 210 -1 0 0
312 210 -1 0 0
311 210 -1 0 0
310 210 -1 0 0
309 210 -1 0 0
312 209 -1 0 0
377 204 -1 0 0
380 203 -1 0 0
379 203 -1 0 0
378 203 -1 0 0
377 203 -1 0 0
376 203 -1 0 0
375 203 -1 0 0
374 203 -1 0 0
381 202 -1 0 0
380 202 -1 0 0
379 202 -1 0 0
378 202 -1 0 0
377 202 -1 0 0
376 202 -1 0 0
375 202 -1 0 0
374 202 -1 0 0
373 202 -1 0 0
381 201 -1 0 0
380 201 -1 0 0
379 201 -1 0 0
378 201 -1 0 0
377 201 -1 0 0
376 201 -1 0 0
375 201 -1 0 0
374 201 -1 0 0
373 201 -1 0 0
381 200 -1 0 0
380 200 -1 0 0
379 200 -1 0 0
378 200 -1 0 0
377 200 -1 0 0
376 200 -1 0 0
375 200 -1 0 0
374 200 -1 0 0
373 200 -1 0 0
382 199 -1 0 0
381 199 -1 0 0
380 199 -1 0 0
379 199 -1 0 0
378 199 -1 0 0
377 199 -1 0 0
376 199 -1 0 0
375 199 -1 0 0
374 199 -1 0 0
373 199 -1 0 0
372 199 -1 0 0
381 198 -1 0 0
380 198 -1 0 0
379 198 -1 0 0
378 198 -1 0 0
377 198 -1 0 0
376 198 -1 0 0
375 198 -1 0 0
374 198 -1 0 0
373 198 -1 0 0
381 197 -1 0 0
380 197 -1 0 0
379 197 -1 0 0
378 197 -1 0 0
377 197 -1 0 0
376 197 -1 0 0
375 197 -1 0 0
374 197 -1 0 0
373 197 -1 0 0
381 196 -1 0 0
380 196 -1 0 0
379 196 -1 0 0
378 196 -1 0 0
377 196 -1 0 0
376 196 -1 0 0
375 196 -1 0 0
374 196 -1 0 0
373 196 -1 0 0
380 195 -1 0 0
379 195 -1 0 0
378 195 -1 0 0
377 195 -1 0 0
376 195 -1 0 0
375 195 -1 0 0
374 195 -1 0 0
377 194 -1 0 0
