1048 400 400
154 286 -1 0 0
157 285 -1 0 0
156 285 -1 0 0
155 285 -1 0 0
154 285 -1 0 0
153 285 -1 0 0
152 285 -1 0 0
151 285 -1 0 0
158 284 -1 0 0
157 284 -1 0 0
156 284 -1 0 0
155 284 -1 0 0
154 284 -1 0 0
153 284 -1 0 0
152 284 -1 0 0
151 284 -1 0 0
150 284 -1 0 0
158 283 -1 0 0
157 283 -1 0 0
156 283 -1 0 0
155 283 -1 0 0
154 283 -1 0 0
153 283 -1 0 0
152 283 -1 0 0
151 283 -1 0 0
150 283 -1 0 0
158 282 -1 0 0
157 282 -1 0 0
156 282 -1 0 0
155 282 -1 0 0
154 282 -1 0 0
153 282 -1 0 0
152 282 -1 0 0
151 282 -1 0 0
150 282 -1 0 0
159 281 -1 0 0
158 281 -1 0 0
157 281 -1 0 0
156 281 -1 0 0
155 281 -1 0 0
154 281 -1 0 0
153 281 -1 0 0
152 281 -1 0 0
151 281 -1 0 0
150 281 -1 0 0
149 281 -1 0 0
158 280 -1 0 0
157 280 -1 0 0
156 280 -1 0 0
155 280 -1 0 0
154 280 -1 0 0
153 280 -1 0 0
152 280 -1 0 0
151 280 -1 0 0
150 280 -1 0 0
158 279 -1 0 0
157 279 -1 0 0
156 279 -1 0 0
155 279 -1 0 0
154 279 -1 0 0
153 279 -1 0 0
152 279 -1 0 0
151 279 -1 0 0
150 279 -1 0 0
158 278 -1 0 0
157 278 -1 0 0
156 278 -1 0 0
155 278 -1 0 0
154 278 -1 0 0
153 278 -1 0 0
152 278 -1 0 0
151 278 -1 0 0
150 278 -1 0 0
157 277 -1 0 0
156 277 -1 0 0
155 277 -1 0 0
154 277 -1 0 0
153 277 -1 0 0
152 277 -1 0 0
151 277 -1 0 0
154 276 -1 0 0
204 245 -1 0 0
207 244 -1 0 0
206 244 -1 0 0
205 244 -1 0 0
204 244 -1 0 0
203 244 -1 0 0
202 244 -1 0 0
201 244 -1 0 0
208 243 -1 0 0
207 243 -1 0 0
206 243 -1 0 0
205 243 -1 0 0
204 243 -1 0 0
203 243 -1 0 0
202 243 -1 0 0
201 243 -1 0 0
200 243 -1 0 0
208 242 -1 0 0
207 242 -1 0 0
206 242 -1 0 0
205 242 -1 0 0
204 242 -1 0 0
203 242 -1 0 0
202 242 -1 0 0
201 242 -1 0 0
200 242 -1 0 0
208 241 -1 0 0
207 241 -1 0 0
206 241 -1 0 0
205 241 -1 0 0
204 241 -1 0 0
203 241 -1 0 0
202 241 -1 0 0
201 241 -1 0 0
200 241 -1 0 0
209 240 -1 0 0
208 240 -1 0 0
207 240 -1 0 0
206 240 -1 0 0
205 240 -1 0 0
204 240 -1 0 0
203 240 -1 0 0
202 240 -1 0 0
201 240 -1 0 0
200 240 -1 0 0
199 240 -1 0 0
208 239 -1 0 0
207 239 -1 0 0
206 239 -1 0 0
205 239 -1 0 0
204 239 -1 0 0
203 239 -1 0 0
202 239 -1 0 0
201 239 -1 0 0
200 239 -1 0 0
387 238 -1 0 0
208 238 -1 0 0
207 238 -1 0 0
206 238 -1 0 0
205 238 -1 0 0
204 238 -1 0 0
203 238 -1 0 0
202 238 -1 0 0
201 238 -1 0 0
200 238 -1 0 0
390 237 -1 0 0
389 237 -1 0 0
388 237 -1 0 0
387 237 -1 0 0
386 237 -1 0 0
385 237 -1 0 0
384 237 -1 0 0
208 237 -1 0 0
207 237 -1 0 0
206 237 -1 0 0
205 237 -1 0 0
204 237 -1 0 0
203 237 -1 0 0
202 237 -1 0 0
201 237 -1 0 0
200 237 -1 0 0
391 236 -1 0 0
390 236 -1 0 0
389 236 -1 0 0
388 236 -1 0 0
387 236 -1 0 0
386 236 -1 0 0
385 236 -1 0 0
384 236 -1 0 0
383 236 -1 0 0
207 236 -1 0 0
206 236 -1 0 0
205 236 -1 0 0
204 236 -1 0 0
203 236 -1 0 0
202 236 -1 0 0
201 236 -1 0 0
391 235 -1 0 0
390 235 -1 0 0
389 235 -1 0 0
388 235 -1 0 0
387 235 -1 0 0
386 235 -1 0 0
385 235 -1 0 0
384 235 -1 0 0
383 235 -1 0 0
204 235 -1 0 0
391 234 -1 0 0
390 234 -1 0 0
389 234 -1 0 0
388 234 -1 0 0
387 234 -1 0 0
386 234 -1 0 0
385 234 -1 0 0
384 234 -1 0 0
383 234 -1 0 0
392 233 -1 0 0
391 233 -1 0 0
390 233 -1 0 0
389 233 -1 0 0
388 233 -1 0 0
387 233 -1 0 0
386 233 -1 0 0
385 233 -1 0 0
384 233 -1 0 0
383 233 -1 0 0
382 233 -1 0 0
391 232 -1 0 0
390 232 -1 0 0
389 232 -1 0 0
388 232 -1 0 0
387 232 -1 0 0
386 232 -1 0 0
385 232 -1 0 0
384 232 -1 0 0
383 232 -1 0 0
391 231 -1 0 0
390 231 -1 0 0
389 231 -1 0 0
388 231 -1 0 0
387 231 -1 0 0
386 231 -1 0 0
385 231 -1 0 0
384 231 -1 0 0
383 231 -1 0 0
391 230 -1 0 0
390 230 -1 0 0
389 230 -1 0 0
388 230 -1 0 0
387 230 -1 0 0
386 230 -1 0 0
385 230 -1 0 0
384 230 -1 0 0
383 230 -1 0 0
390 229 -1 0 0
389 229 -1 0 0
388 229 -1 0 0
387 229 -1 0 0
386 229 -1 0 0
385 229 -1 0 0
384 229 -1 0 0
387 228 -1 0 0
182 193 -1 0 0
185 192 -1 0 0
184 192 -1 0 0
183 192 -1 0 0
182 192 -1 0 0
181 192 -1 0 0
180 192 -1 0 0
179 192 -1 0 0
186 191 -1 0 0
185 191 -1 0 0
184 191 -1 0 0
183 191 -1 0 0
182 191 -1 0 0
181 191 -1 0 0
180 191 -1 0 0
179 191 -1 0 0
178 191 -1 0 0
186 190 -1 0 0
185 190 -1 0 0
184 190 -1 0 0
183 190 -1 0 0
182 190 -1 0 0
181 190 -1 0 0
180 190 -1 0 0
179 190 -1 0 0
178 190 -1 0 0
186 189 -1 0 0
185 189 -1 0 0
184 189 -1 0 0
183 189 -1 0 0
182 189 -1 0 0
181 189 -1 0 0
180 189 -1 0 0
179 189 -1 0 0
178 189 -1 0 0
187 188 -1 0 0
186 188 -1 0 0
185 188 -1 0 0
184 188 -1 0 0
183 188 -1 0 0
182 188 -1 0 0
181 188 -1 0 0
180 188 -1 0 0
179 188 -1 0 0
178 188 -1 0 0
177 188 -1 0 0
186 187 -1 0 0
185 187 -1 0 0
184 187 -1 0 0
183 187 -1 0 0
182 187 -1 0 0
181 187 -1 0 0
180 187 -1 0 0
179 187 -1 0 0
178 187 -1 0 0
186 186 -1 0 0
185 186 -1 0 0
184 186 -1 0 0
183 186 -1 0 0
182 186 -1 0 0
181 186 -1 0 0
180 186 -1 0 0
179 186 -1 0 0
178 186 -1 0 0
186 185 -1 0 0
185 185 -1 0 0
184 185 -1 0 0
183 185 -1 0 0
182 185 -1 0 0
181 185 -1 0 0
180 185 -1 0 0
179 185 -1 0 0
178 185 -1 0 0
185 184 -1 0 0
184 184 -1 0 0
183 184 -1 0 0
182 184 -1 0 0
181 184 -1 0 0
180 184 -1 0 0
179 184 -1 0 0
182 183 -1 0 0
147 179 -1 1 0
150 178 -1 1 0
149 178 -1 1 0
148 178 -1 1 0
147 178 -1 1 0
146 178 -1 1 0
145 178 -1 1 0
144 178 -1 1 0
151 177 -1 1 0
150 177 -1 1 0
149 177 -1 1 0
148 177 -1 1 0
147 177 -1 1 0
146 177 -1 1 0
145 177 -1 1 0
144 177 -1 1 0
143 177 -1 1 0
151 176 -1 1 0
150 176 -1 1 0
149 176 -1 1 0
148 176 -1 1 0
147 176 -1 1 0
146 176 -1 1 0
145 176 -1 1 0
144 176 -1 1 0
143 176 -1 1 0
151 175 -1 1 0
150 175 -1 1 0
149 175 -1 1 0
148 175 -1 1 0
147 175 -1 1 0
146 175 -1 1 0
145 175 -1 1 0
144 175 -1 1 0
143 175 -1 1 0
165 174 -1 1 0
152 174 -1 1 0
151 174 -1 1 0
150 174 -1 1 0
149 174 -1 1 0
148 174 -1 1 0
147 174 -1 1 0
146 174 -1 1 0
145 174 -1 1 0
144 174 -1 1 0
143 174 -1 1 0
142 174 -1 1 0
168 173 -1 1 0
167 173 -1 1 0
166 173 -1 1 0
165 173 -1 1 0
164 173 -1 1 0
163 173 -1 1 0
162 173 -1 1 0
151 173 -1 1 0
150 173 -1 1 0
149 173 -1 1 0
148 173 -1 1 0
147 173 -1 1 0
146 173 -1 1 0
145 173 -1 1 0
144 173 -1 1 0
143 173 -1 1 0
169 172 -1 1 0
168 172 -1 1 0
167 172 -1 1 0
166 172 -1 1 0
165 172 -1 1 0
164 172 -1 1 0
163 172 -1 1 0
162 172 -1 1 0
161 172 -1 1 0
151 172 -1 1 0
150 172 -1 1 0
149 172 -1 1 0
148 172 -1 1 0
147 172 -1 1 0
146 172 -1 1 0
145 172 -1 1 0
144 172 -1 1 0
143 172 -1 1 0
82 172 -1 0 0
169 171 -1 1 0
168 171 -1 1 0
167 171 -1 1 0
166 171 -1 1 0
165 171 -1 1 0
164 171 -1 1 0
163 171 -1 1 0
162 171 -1 1 0
161 171 -1 1 0
151 171 -1 1 0
150 171 -1 1 0
149 171 -1 1 0
148 171 -1 1 0
147 171 -1 1 0
146 171 -1 1 0
145 171 -1 1 0
144 171 -1 1 0
143 171 -1 1 0
85 171 -1 0 0
84 171 -1 0 0
83 171 -1 0 0
82 171 -1 0 0
81 171 -1 0 0
80 171 -1 0 0
79 171 -1 0 0
169 170 -1 1 0
168 170 -1 1 0
167 170 -1 1 0
166 170 -1 1 0
165 170 -1 1 0
164 170 -1 1 0
163 170 -1 1 0
162 170 -1 1 0
161 170 -1 1 0
150 170 -1 1 0
149 170 -1 1 0
148 170 -1 1 0
147 170 -1 1 0
146 170 -1 1 0
145 170 -1 1 0
144 170 -1 1 0
86 170 -1 0 0
85 170 -1 0 0
84 170 -1 0 0
83 170 -1 0 0
82 170 -1 0 0
81 170 -1 0 0
80 170 -1 0 0
79 170 -1 0 0
78 170 -1 0 0
170 169 -1 1 0
169 169 -1 1 0
168 169 -1 1 0
167 169 -1 1 0
166 169 -1 1 0
165 169 -1 1 0
164 169 -1 1 0
163 169 -1 1 0
162 169 -1 1 0
161 169 -1 1 0
160 169 -1 1 0
147 169 -1 1 0
86 169 -1 0 0
85 169 -1 0 0
84 169 -1 0 0
83 169 -1 0 0
82 169 -1 0 0
81 169 -1 0 0
80 169 -1 0 0
79 169 -1 0 0
78 169 -1 0 0
169 168 -1 1 0
168 168 -1 1 0
167 168 -1 1 0
166 168 -1 1 0
165 168 -1 1 0
164 168 -1 1 0
163 168 -1 1 0
162 168 -1 1 0
161 168 -1 1 0
86 168 -1 0 0
85 168 -1 0 0
84 168 -1 0 0
83 168 -1 0 0
82 168 -1 0 0
81 168 -1 0 0
80 168 -1 0 0
79 168 -1 0 0
78 168 -1 0 0
169 167 -1 1 0
168 167 -1 1 0
167 167 -1 1 0
166 167 -1 1 0
165 167 -1 1 0
164 167 -1 1 0
163 167 -1 1 0
162 167 -1 1 0
161 167 -1 1 0
87 167 -1 0 0
86 167 -1 0 0
85 167 -1 0 0
84 167 -1 0 0
83 167 -1 0 0
82 167 -1 0 0
81 167 -1 0 0
80 167 -1 0 0
79 167 -1 0 0
78 167 -1 0 0
77 167 -1 0 0
169 166 -1 1 0
168 166 -1 1 0
167 166 -1 1 0
166 166 -1 1 0
165 166 -1 1 0
164 166 -1 1 0
163 166 -1 1 0
162 166 -1 1 0
161 166 -1 1 0
154 166 -1 1 0
86 166 -1 0 0
85 166 -1 0 0
84 166 -1 0 0
83 166 -1 0 0
82 166 -1 0 0
81 166 -1 0 0
80 166 -1 0 0
79 166 -1 0 0
78 166 -1 0 0
168 165 -1 1 0
167 165 -1 1 0
166 165 -1 1 0
165 165 -1 1 0
164 165 -1 1 0
163 165 -1 1 0
162 165 -1 1 0
157 165 -1 1 0
156 165 -1 1 0
155 165 -1 1 0
154 165 -1 1 0
153 165 -1 1 0
152 165 -1 1 0
151 165 -1 1 0
86 165 -1 0 0
85 165 -1 0 0
84 165 -1 0 0
83 165 -1 0 0
82 165 -1 0 0
81 165 -1 0 0
80 165 -1 0 0
79 165 -1 0 0
78 165 -1 0 0
165 164 -1 1 0
158 164 -1 1 0
157 164 -1 1 0
156 164 -1 1 0
155 164 -1 1 0
154 164 -1 1 0
153 164 -1 1 0
152 164 -1 1 0
151 164 -1 1 0
150 164 -1 1 0
86 164 -1 0 0
85 164 -1 0 0
84 164 -1 0 0
83 164 -1 0 0
82 164 -1 0 0
81 164 -1 0 0
80 164 -1 0 0
79 164 -1 0 0
78 164 -1 0 0
168 163 -1 1 0
158 163 -1 1 0
157 163 -1 1 0
156 163 -1 1 0
155 163 -1 1 0
154 163 -1 1 0
153 163 -1 1 0
152 163 -1 1 0
151 163 -1 1 0
150 163 -1 1 0
85 163 -1 0 0
84 163 -1 0 0
83 163 -1 0 0
82 163 -1 0 0
81 163 -1 0 0
80 163 -1 0 0
79 163 -1 0 0
171 162 -1 1 0
170 162 -1 1 0
169 162 -1 1 0
168 162 -1 1 0
167 162 -1 1 0
166 162 -1 1 0
165 162 -1 1 0
158 162 -1 1 0
157 162 -1 1 0
156 162 -1 1 0
155 162 -1 1 0
154 162 -1 1 0
153 162 -1 1 0
152 162 -1 1 0
151 162 -1 1 0
150 162 -1 1 0
82 162 -1 0 0
172 161 -1 1 0
171 161 -1 1 0
170 161 -1 1 0
169 161 -1 1 0
168 161 -1 1 0
167 161 -1 1 0
166 161 -1 1 0
165 161 -1 1 0
164 161 -1 1 0
159 161 -1 1 0
158 161 -1 1 0
157 161 -1 1 0
156 161 -1 1 0
155 161 -1 1 0
154 161 -1 1 0
153 161 -1 1 0
152 161 -1 1 0
151 161 -1 1 0
150 161 -1 1 0
149 161 -1 1 0
172 160 -1 1 0
171 160 -1 1 0
170 160 -1 1 0
169 160 -1 1 0
168 160 -1 1 0
167 160 -1 1 0
166 160 -1 1 0
165 160 -1 1 0
164 160 -1 1 0
158 160 -1 1 0
157 160 -1 1 0
156 160 -1 1 0
155 160 -1 1 0
154 160 -1 1 0
153 160 -1 1 0
152 160 -1 1 0
151 160 -1 1 0
150 160 -1 1 0
183 159 -1 1 0
172 159 -1 1 0
171 159 -1 1 0
170 159 -1 1 0
169 159 -1 1 0
168 159 -1 1 0
167 159 -1 1 0
166 159 -1 1 0
165 159 -1 1 0
164 159 -1 1 0
158 159 -1 1 0
157 159 -1 1 0
156 159 -1 1 0
155 159 -1 1 0
154 159 -1 1 0
153 159 -1 1 0
152 159 -1 1 0
151 159 -1 1 0
150 159 -1 1 0
186 158 -1 1 0
185 158 -1 1 0
184 158 -1 1 0
183 158 -1 1 0
182 158 -1 1 0
181 158 -1 1 0
180 158 -1 1 0
173 158 -1 1 0
172 158 -1 1 0
171 158 -1 1 0
170 158 -1 1 0
169 158 -1 1 0
168 158 -1 1 0
167 158 -1 1 0
166 158 -1 1 0
165 158 -1 1 0
164 158 -1 1 0
163 158 -1 1 0
158 158 -1 1 0
157 158 -1 1 0
156 158 -1 1 0
155 158 -1 1 0
154 158 -1 1 0
153 158 -1 1 0
152 158 -1 1 0
151 158 -1 1 0
150 158 -1 1 0
187 157 -1 1 0
186 157 -1 1 0
185 157 -1 1 0
184 157 -1 1 0
183 157 -1 1 0
182 157 -1 1 0
181 157 -1 1 0
180 157 -1 1 0
179 157 -1 1 0
172 157 -1 1 0
171 157 -1 1 0
170 157 -1 1 0
169 157 -1 1 0
168 157 -1 1 0
167 157 -1 1 0
166 157 -1 1 0
165 157 -1 1 0
164 157 -1 1 0
157 157 -1 1 0
156 157 -1 1 0
155 157 -1 1 0
154 157 -1 1 0
153 157 -1 1 0
152 157 -1 1 0
151 157 -1 1 0
187 156 -1 1 0
186 156 -1 1 0
185 156 -1 1 0
184 156 -1 1 0
183 156 -1 1 0
182 156 -1 1 0
181 156 -1 1 0
180 156 -1 1 0
179 156 -1 1 0
172 156 -1 1 0
171 156 -1 1 0
170 156 -1 1 0
169 156 -1 1 0
168 156 -1 1 0
167 156 -1 1 0
166 156 -1 1 0
165 156 -1 1 0
164 156 -1 1 0
154 156 -1 1 0
187 155 -1 1 0
186 155 -1 1 0
185 155 -1 1 0
184 155 -1 1 0
183 155 -1 1 0
182 155 -1 1 0
181 155 -1 1 0
180 155 -1 1 0
179 155 -1 1 0
172 155 -1 1 0
171 155 -1 1 0
170 155 -1 1 0
169 155 -1 1 0
168 155 -1 1 0
167 155 -1 1 0
166 155 -1 1 0
165 155 -1 1 0
164 155 -1 1 0
188 154 -1 1 0
187 154 -1 1 0
186 154 -1 1 0
185 154 -1 1 0
184 154 -1 1 0
183 154 -1 1 0
182 154 -1 1 0
181 154 -1 1 0
180 154 -1 1 0
179 154 -1 1 0
178 154 -1 1 0
171 154 -1 1 0
170 154 -1 1 0
169 154 -1 1 0
168 154 -1 1 0
167 154 -1 1 0
166 154 -1 1 0
165 154 -1 1 0
187 153 -1 1 0
186 153 -1 1 0
185 153 -1 1 0
184 153 -1 1 0
183 153 -1 1 0
182 153 -1 1 0
181 153 -1 1 0
180 153 -1 1 0
179 153 -1 1 0
187 152 -1 1 0
186 152 -1 1 0
185 152 -1 1 0
184 152 -1 1 0
183 152 -1 1 0
182 152 -1 1 0
181 152 -1 1 0
180 152 -1 1 0
179 152 -1 1 0
187 151 -1 1 0
186 151 -1 1 0
185 151 -1 1 0
184 151 -1 1 0
183 151 -1 1 0
182 151 -1 1 0
181 151 -1 1 0
180 151 -1 1 0
179 151 -1 1 0
186 150 -1 1 0
185 150 -1 1 0
184 150 -1 1 0
183 150 -1 1 0
182 150 -1 1 0
181 150 -1 1 0
180 150 -1 1 0
183 149 -1 1 0
171 144 -1 1 0
174 143 -1 1 0
173 143 -1 1 0
172 143 -1 1 0
171 143 -1 1 0
170 143 -1 1 0
169 143 -1 1 0
168 143 -1 1 0
188 142 -1 1 0
187 142 -1 1 0
186 142 -1 1 0
185 142 -1 1 0
175 142 -1 1 0
174 142 -1 1 0
173 142 -1 1 0
172 142 -1 1 0
171 142 -1 1 0
170 142 -1 1 0
169 142 -1 1 0
168 142 -1 1 0
167 142 -1 1 0
189 141 -1 1 0
188 141 -1 1 0
187 141 -1 1 0
186 141 -1 1 0
185 141 -1 1 0
184 141 -1 1 0
183 141 -1 1 0
182 141 -1 1 0
181 141 -1 1 0
175 141 -1 1 0
174 141 -1 1 0
173 141 -1 1 0
172 141 -1 1 0
171 141 -1 1 0
170 141 -1 1 0
169 141 -1 1 0
168 141 -1 1 0
167 141 -1 1 0
189 140 -1 1 0
188 140 -1 1 0
187 140 -1 1 0
186 140 -1 1 0
185 140 -1 1 0
184 140 -1 1 0
183 140 -1 1 0
182 140 -1 1 0
181 140 -1 1 0
175 140 -1 1 0
174 140 -1 1 0
173 140 -1 1 0
172 140 -1 1 0
171 140 -1 1 0
170 140 -1 1 0
169 140 -1 1 0
168 140 -1 1 0
167 140 -1 1 0
189 139 -1 1 0
188 139 -1 1 0
187 139 -1 1 0
186 139 -1 1 0
185 139 -1 1 0
184 139 -1 1 0
183 139 -1 1 0
182 139 -1 1 0
181 139 -1 1 0
176 139 -1 1 0
175 139 -1 1 0
174 139 -1 1 0
173 139 -1 1 0
172 139 -1 1 0
171 139 -1 1 0
170 139 -1 1 0
169 139 -1 1 0
168 139 -1 1 0
167 139 -1 1 0
166 139 -1 1 0
190 138 -1 1 0
189 138 -1 1 0
188 138 -1 1 0
187 138 -1 1 0
186 138 -1 1 0
185 138 -1 1 0
184 138 -1 1 0
183 138 -1 1 0
182 138 -1 1 0
181 138 -1 1 0
180 138 -1 1 0
175 138 -1 1 0
174 138 -1 1 0
173 138 -1 1 0
172 138 -1 1 0
171 138 -1 1 0
170 138 -1 1 0
169 138 -1 1 0
168 138 -1 1 0
167 138 -1 1 0
189 137 -1 1 0
188 137 -1 1 0
187 137 -1 1 0
186 137 -1 1 0
185 137 -1 1 0
184 137 -1 1 0
183 137 -1 1 0
182 137 -1 1 0
181 137 -1 1 0
175 137 -1 1 0
174 137 -1 1 0
173 137 -1 1 0
172 137 -1 1 0
171 137 -1 1 0
170 137 -1 1 0
169 137 -1 1 0
168 137 -1 1 0
167 137 -1 1 0
189 136 -1 1 0
188 136 -1 1 0
187 136 -1 1 0
186 136 -1 1 0
185 136 -1 1 0
184 136 -1 1 0
183 136 -1 1 0
182 136 -1 1 0
181 136 -1 1 0
175 136 -1 1 0
174 136 -1 1 0
173 136 -1 1 0
172 136 -1 1 0
171 136 -1 1 0
170 136 -1 1 0
169 136 -1 1 0
168 136 -1 1 0
167 136 -1 1 0
189 135 -1 1 0
188 135 -1 1 0
187 135 -1 1 0
186 135 -1 1 0
185 135 -1 1 0
184 135 -1 1 0
183 135 -1 1 0
182 135 -1 1 0
181 135 -1 1 0
174 135 -1 1 0
173 135 -1 1 0
172 135 -1 1 0
171 135 -1 1 0
170 135 -1 1 0
169 135 -1 1 0
168 135 -1 1 0
188 134 -1 1 0
187 134 -1 1 0
186 134 -1 1 0
185 134 -1 1 0
184 134 -1 1 0
183 134 -1 1 0
182 134 -1 1 0
171 134 -1 1 0
185 133 -1 1 0
134 79 -1 0 0
137 78 -1 0 0
136 78 -1 0 0
135 78 -1 0 0
134 78 -1 0 0
133 78 -1 0 0
132 78 -1 0 0
131 78 -1 0 0
138 77 -1 0 0
137 77 -1 0 0
136 77 -1 0 0
135 77 -1 0 0
134 77 -1 0 0
133 77 -1 0 0
132 77 -1 0 0
131 77 -1 0 0
130 77 -1 0 0
138 76 -1 0 0
137 76 -1 0 0
136 76 -1 0 0
135 76 -1 0 0
134 76 -1 0 0
133 76 -1 0 0
132 76 -1 0 0
131 76 -1 0 0
130 76 -1 0 0
138 75 -1 0 0
137 75 -1 0 0
136 75 -1 0 0
135 75 -1 0 0
134 75 -1 0 0
133 75 -1 0 0
132 75 -1 0 0
131 75 -1 0 0
130 75 -1 0 0
139 74 -1 0 0
138 74 -1 0 0
137 74 -1 0 0
136 74 -1 0 0
135 74 -1 0 0
134 74 -1 0 0
133 74 -1 0 0
132 74 -1 0 0
131 74 -1 0 0
130 74 -1 0 0
129 74 -1 0 0
138 73 -1 0 0
137 73 -1 0 0
136 73 -1 0 0
135 73 -1 0 0
134 73 -1 0 0
133 73 -1 0 0
132 73 -1 0 0
131 73 -1 0 0
130 73 -1 0 0
138 72 -1 0 0
137 72 -1 0 0
136 72 -1 0 0
135 72 -1 0 0
134 72 -1 0 0
133 72 -1 0 0
132 72 -1 0 0
131 72 -1 0 0
130 72 -1 0 0
138 71 -1 0 0
137 71 -1 0 0
136 71 -1 0 0
135 71 -1 0 0
134 71 -1 0 0
133 71 -1 0 0
132 71 -1 0 0
131 71 -1 0 0
130 71 -1 0 0
137 70 -1 0 0
136 70 -1 0 0
135 70 -1 0 0
134 70 -1 0 0
133 70 -1 0 0
132 70 -1 0 0
131 70 -1 0 0
134 69 -1 0 0
