1005 400 400
88 342 -1 1 0
91 341 -1 1 0
90 341 -1 1 0
89 341 -1 1 0
88 341 -1 1 0
87 341 -1 1 0
86 341 -1 1 0
85 341 -1 1 0
92 340 -1 1 0
91 340 -1 1 0
90 340 -1 1 0
89 340 -1 1 0
88 340 -1 1 0
87 340 -1 1 0
86 340 -1 1 0
85 340 -1 1 0
84 340 -1 1 0
92 339 -1 1 0
91 339 -1 1 0
90 339 -1 1 0
89 339 -1 1 0
88 339 -1 1 0
87 339 -1 1 0
86 339 -1 1 0
85 339 -1 1 0
84 339 -1 1 0
92 338 -1 1 0
91 338 -1 1 0
90 338 -1 1 0
89 338 -1 1 0
88 338 -1 1 0
87 338 -1 1 0
86 338 -1 1 0
85 338 -1 1 0
84 338 -1 1 0
93 337 -1 1 0
92 337 -1 1 0
91 337 -1 1 0
90 337 -1 1 0
89 337 -1 1 0
88 337 -1 1 0
87 337 -1 1 0
86 337 -1 1 0
85 337 -1 1 0
84 337 -1 1 0
83 337 -1 1 0
92 336 -1 1 0
91 336 -1 1 0
90 336 -1 1 0
89 336 -1 1 0
88 336 -1 1 0
87 336 -1 1 0
86 336 -1 1 0
85 336 -1 1 0
84 336 -1 1 0
92 335 -1 1 0
91 335 -1 1 0
90 335 -1 1 0
89 335 -1 1 0
88 335 -1 1 0
87 335 -1 1 0
86 335 -1 1 0
85 335 -1 1 0
84 335 -1 1 0
92 334 -1 1 0
91 334 -1 1 0
90 334 -1 1 0
89 334 -1 1 0
88 334 -1 1 0
87 334 -1 1 0
86 334 -1 1 0
85 334 -1 1 0
84 334 -1 1 0
91 333 -1 1 0
90 333 -1 1 0
89 333 -1 1 0
88 333 -1 1 0
87 333 -1 1 0
86 333 -1 1 0
85 333 -1 1 0
88 332 -1 1 0
89 314 -1 1 0
88 314 -1 1 0
92 313 -1 1 0
91 313 -1 1 0
90 313 -1 1 0
89 313 -1 1 0
88 313 -1 1 0
87 313 -1 1 0
86 313 -1 1 0
85 313 -1 1 0
93 312 -1 1 0
92 312 -1 1 0
91 312 -1 1 0
90 312 -1 1 0
89 312 -1 1 0
88 312 -1 1 0
87 312 -1 1 0
86 312 -1 1 0
85 312 -1 1 0
84 312 -1 1 0
93 311 -1 1 0
92 311 -1 1 0
91 311 -1 1 0
90 311 -1 1 0
89 311 -1 1 0
88 311 -1 1 0
87 311 -1 1 0
86 311 -1 1 0
85 311 -1 1 0
84 311 -1 1 0
93 310 -1 1 0
92 310 -1 1 0
91 310 -1 1 0
90 310 -1 1 0
89 310 -1 1 0
88 310 -1 1 0
87 310 -1 1 0
86 310 -1 1 0
85 310 -1 1 0
84 310 -1 1 0
94 309 -1 1 0
93 309 -1 1 0
92 309 -1 1 0
91 309 -1 1 0
90 309 -1 1 0
89 309 -1 1 0
88 309 -1 1 0
87 309 -1 1 0
86 309 -1 1 0
85 309 -1 1 0
84 309 -1 1 0
83 309 -1 1 0
93 308 -1 1 0
92 308 -1 1 0
91 308 -1 1 0
90 308 -1 1 0
89 308 -1 1 0
88 308 -1 1 0
87 308 -1 1 0
86 308 -1 1 0
85 308 -1 1 0
84 308 -1 1 0
93 307 -1 1 0
92 307 -1 1 0
91 307 -1 1 0
90 307 -1 1 0
89 307 -1 1 0
88 307 -1 1 0
87 307 -1 1 0
86 307 -1 1 0
85 307 -1 1 0
84 307 -1 1 0
93 306 -1 1 0
92 306 -1 1 0
91 306 -1 1 0
90 306 -1 1 0
89 306 -1 1 0
88 306 -1 1 0
87 306 -1 1 0
86 306 -1 1 0
85 306 -1 1 0
84 306 -1 1 0
46 306 -1 0 0
92 305 -1 1 0
91 305 -1 1 0
90 305 -1 1 0
89 305 -1 1 0
88 305 -1 1 0
87 305 -1 1 0
86 305 -1 1 0
85 305 -1 1 0
49 305 -1 0 0
48 305 -1 0 0
47 305 -1 0 0
46 305 -1 0 0
45 305 -1 0 0
44 305 -1 0 0
43 305 -1 0 0
102 304 -1 1 0
89 304 -1 1 0
88 304 -1 1 0
50 304 -1 0 0
49 304 -1 0 0
48 304 -1 0 0
47 304 -1 0 0
46 304 -1 0 0
45 304 -1 0 0
44 304 -1 0 0
43 304 -1 0 0
42 304 -1 0 0
105 303 -1 1 0
104 303 -1 1 0
103 303 -1 1 0
102 303 -1 1 0
101 303 -1 1 0
100 303 -1 1 0
99 303 -1 1 0
50 303 -1 0 0
49 303 -1 0 0
48 303 -1 0 0
47 303 -1 0 0
46 303 -1 0 0
45 303 -1 0 0
44 303 -1 0 0
43 303 -1 0 0
42 303 -1 0 0
106 302 -1 1 0
105 302 -1 1 0
104 302 -1 1 0
103 302 -1 1 0
102 302 -1 1 0
101 302 -1 1 0
100 302 -1 1 0
99 302 -1 1 0
98 302 -1 1 0
75 302 -1 1 0
50 302 -1 0 0
49 302 -1 0 0
48 302 -1 0 0
47 302 -1 0 0
46 302 -1 0 0
45 302 -1 0 0
44 302 -1 0 0
43 302 -1 0 0
42 302 -1 0 0
106 301 -1 1 0
105 301 -1 1 0
104 301 -1 1 0
103 301 -1 1 0
102 301 -1 1 0
101 301 -1 1 0
100 301 -1 1 0
99 301 -1 1 0
98 301 -1 1 0
78 301 -1 1 0
77 301 -1 1 0
76 301 -1 1 0
75 301 -1 1 0
74 301 -1 1 0
73 301 -1 1 0
72 301 -1 1 0
51 301 -1 0 0
50 301 -1 0 0
49 301 -1 0 0
48 301 -1 0 0
47 301 -1 0 0
46 301 -1 0 0
45 301 -1 0 0
44 301 -1 0 0
43 301 -1 0 0
42 301 -1 0 0
41 301 -1 0 0
106 300 -1 1 0
105 300 -1 1 0
104 300 -1 1 0
103 300 -1 1 0
102 300 -1 1 0
101 300 -1 1 0
100 300 -1 1 0
99 300 -1 1 0
98 300 -1 1 0
79 300 -1 1 0
78 300 -1 1 0
77 300 -1 1 0
76 300 -1 1 0
75 300 -1 1 0
74 300 -1 1 0
73 300 -1 1 0
72 300 -1 1 0
71 300 -1 1 0
50 300 -1 0 0
49 300 -1 0 0
48 300 -1 0 0
47 300 -1 0 0
46 300 -1 0 0
45 300 -1 0 0
44 300 -1 0 0
43 300 -1 0 0
42 300 -1 0 0
107 299 -1 1 0
106 299 -1 1 0
105 299 -1 1 0
104 299 -1 1 0
103 299 -1 1 0
102 299 -1 1 0
101 299 -1 1 0
100 299 -1 1 0
99 299 -1 1 0
98 299 -1 1 0
97 299 -1 1 0
79 299 -1 1 0
78 299 -1 1 0
77 299 -1 1 0
76 299 -1 1 0
75 299 -1 1 0
74 299 -1 1 0
73 299 -1 1 0
72 299 -1 1 0
71 299 -1 1 0
50 299 -1 0 0
49 299 -1 0 0
48 299 -1 0 0
47 299 -1 0 0
46 299 -1 0 0
45 299 -1 0 0
44 299 -1 0 0
43 299 -1 0 0
42 299 -1 0 0
106 298 -1 1 0
105 298 -1 1 0
104 298 -1 1 0
103 298 -1 1 0
102 298 -1 1 0
101 298 -1 1 0
100 298 -1 1 0
99 298 -1 1 0
98 298 -1 1 0
79 298 -1 1 0
78 298 -1 1 0
77 298 -1 1 0
76 298 -1 1 0
75 298 -1 1 0
74 298 -1 1 0
73 298 -1 1 0
72 298 -1 1 0
71 298 -1 1 0
50 298 -1 0 0
49 298 -1 0 0
48 298 -1 0 0
47 298 -1 0 0
46 298 -1 0 0
45 298 -1 0 0
44 298 -1 0 0
43 298 -1 0 0
42 298 -1 0 0
106 297 -1 1 0
105 297 -1 1 0
104 297 -1 1 0
103 297 -1 1 0
102 297 -1 1 0
101 297 -1 1 0
100 297 -1 1 0
99 297 -1 1 0
98 297 -1 1 0
80 297 -1 1 0
79 297 -1 1 0
78 297 -1 1 0
77 297 -1 1 0
76 297 -1 1 0
75 297 -1 1 0
74 297 -1 1 0
73 297 -1 1 0
72 297 -1 1 0
71 297 -1 1 0
70 297 -1 1 0
49 297 -1 0 0
48 297 -1 0 0
47 297 -1 0 0
46 297 -1 0 0
45 297 -1 0 0
44 297 -1 0 0
43 297 -1 0 0
106 296 -1 1 0
105 296 -1 1 0
104 296 -1 1 0
103 296 -1 1 0
102 296 -1 1 0
101 296 -1 1 0
100 296 -1 1 0
99 296 -1 1 0
98 296 -1 1 0
79 296 -1 1 0
78 296 -1 1 0
77 296 -1 1 0
76 296 -1 1 0
75 296 -1 1 0
74 296 -1 1 0
73 296 -1 1 0
72 296 -1 1 0
71 296 -1 1 0
46 296 -1 0 0
105 295 -1 1 0
104 295 -1 1 0
103 295 -1 1 0
102 295 -1 1 0
101 295 -1 1 0
100 295 -1 1 0
99 295 -1 1 0
79 295 -1 1 0
78 295 -1 1 0
77 295 -1 1 0
76 295 -1 1 0
75 295 -1 1 0
74 295 -1 1 0
73 295 -1 1 0
72 295 -1 1 0
71 295 -1 1 0
102 294 -1 1 0
79 294 -1 1 0
78 294 -1 1 0
77 294 -1 1 0
76 294 -1 1 0
75 294 -1 1 0
74 294 -1 1 0
73 294 -1 1 0
72 294 -1 1 0
71 294 -1 1 0
78 293 -1 1 0
77 293 -1 1 0
76 293 -1 1 0
75 293 -1 1 0
74 293 -1 1 0
73 293 -1 1 0
72 293 -1 1 0
75 292 -1 1 0
84 288 -1 1 0
87 287 -1 1 0
86 287 -1 1 0
85 287 -1 1 0
84 287 -1 1 0
83 287 -1 1 0
82 287 -1 1 0
81 287 -1 1 0
88 286 -1 1 0
87 286 -1 1 0
86 286 -1 1 0
85 286 -1 1 0
84 286 -1 1 0
83 286 -1 1 0
82 286 -1 1 0
81 286 -1 1 0
80 286 -1 1 0
88 285 -1 1 0
87 285 -1 1 0
86 285 -1 1 0
85 285 -1 1 0
84 285 -1 1 0
83 285 -1 1 0
82 285 -1 1 0
81 285 -1 1 0
80 285 -1 1 0
88 284 -1 1 0
87 284 -1 1 0
86 284 -1 1 0
85 284 -1 1 0
84 284 -1 1 0
83 284 -1 1 0
82 284 -1 1 0
81 284 -1 1 0
80 284 -1 1 0
89 283 -1 1 0
88 283 -1 1 0
87 283 -1 1 0
86 283 -1 1 0
85 283 -1 1 0
84 283 -1 1 0
83 283 -1 1 0
82 283 -1 1 0
81 283 -1 1 0
80 283 -1 1 0
79 283 -1 1 0
97 282 -1 1 0
96 282 -1 1 0
88 282 -1 1 0
87 282 -1 1 0
86 282 -1 1 0
85 282 -1 1 0
84 282 -1 1 0
83 282 -1 1 0
82 282 -1 1 0
81 282 -1 1 0
80 282 -1 1 0
100 281 -1 1 0
99 281 -1 1 0
98 281 -1 1 0
97 281 -1 1 0
96 281 -1 1 0
95 281 -1 1 0
94 281 -1 1 0
93 281 -1 1 0
88 281 -1 1 0
87 281 -1 1 0
86 281 -1 1 0
85 281 -1 1 0
84 281 -1 1 0
83 281 -1 1 0
82 281 -1 1 0
81 281 -1 1 0
80 281 -1 1 0
101 280 -1 1 0
100 280 -1 1 0
99 280 -1 1 0
98 280 -1 1 0
97 280 -1 1 0
96 280 -1 1 0
95 280 -1 1 0
94 280 -1 1 0
93 280 -1 1 0
92 280 -1 1 0
88 280 -1 1 0
87 280 -1 1 0
86 280 -1 1 0
85 280 -1 1 0
84 280 -1 1 0
83 280 -1 1 0
82 280 -1 1 0
81 280 -1 1 0
80 280 -1 1 0
101 279 -1 1 0
100 279 -1 1 0
99 279 -1 1 0
98 279 -1 1 0
97 279 -1 1 0
96 279 -1 1 0
95 279 -1 1 0
94 279 -1 1 0
93 279 -1 1 0
92 279 -1 1 0
87 279 -1 1 0
86 279 -1 1 0
85 279 -1 1 0
84 279 -1 1 0
83 279 -1 1 0
82 279 -1 1 0
81 279 -1 1 0
101 278 -1 1 0
100 278 -1 1 0
99 278 -1 1 0
98 278 -1 1 0
97 278 -1 1 0
96 278 -1 1 0
95 278 -1 1 0
94 278 -1 1 0
93 278 -1 1 0
92 278 -1 1 0
84 278 -1 1 0
102 277 -1 1 0
101 277 -1 1 0
100 277 -1 1 0
99 277 -1 1 0
98 277 -1 1 0
97 277 -1 1 0
96 277 -1 1 0
95 277 -1 1 0
94 277 -1 1 0
93 277 -1 1 0
92 277 -1 1 0
91 277 -1 1 0
101 276 -1 1 0
100 276 -1 1 0
99 276 -1 1 0
98 276 -1 1 0
97 276 -1 1 0
96 276 -1 1 0
95 276 -1 1 0
94 276 -1 1 0
93 276 -1 1 0
92 276 -1 1 0
101 275 -1 1 0
100 275 -1 1 0
99 275 -1 1 0
98 275 -1 1 0
97 275 -1 1 0
96 275 -1 1 0
95 275 -1 1 0
94 275 -1 1 0
93 275 -1 1 0
92 275 -1 1 0
101 274 -1 1 0
100 274 -1 1 0
99 274 -1 1 0
98 274 -1 1 0
97 274 -1 1 0
96 274 -1 1 0
95 274 -1 1 0
94 274 -1 1 0
93 274 -1 1 0
92 274 -1 1 0
100 273 -1 1 0
99 273 -1 1 0
98 273 -1 1 0
97 273 -1 1 0
96 273 -1 1 0
95 273 -1 1 0
94 273 -1 1 0
93 273 -1 1 0
97 272 -1 1 0
96 272 -1 1 0
75 272 -1 1 0
78 271 -1 1 0
77 271 -1 1 0
76 271 -1 1 0
75 271 -1 1 0
74 271 -1 1 0
73 271 -1 1 0
72 271 -1 1 0
79 270 -1 1 0
78 270 -1 1 0
77 270 -1 1 0
76 270 -1 1 0
75 270 -1 1 0
74 270 -1 1 0
73 270 -1 1 0
72 270 -1 1 0
71 270 -1 1 0
79 269 -1 1 0
78 269 -1 1 0
77 269 -1 1 0
76 269 -1 1 0
75 269 -1 1 0
74 269 -1 1 0
73 269 -1 1 0
72 269 -1 1 0
71 269 -1 1 0
79 268 -1 1 0
78 268 -1 1 0
77 268 -1 1 0
76 268 -1 1 0
75 268 -1 1 0
74 268 -1 1 0
73 268 -1 1 0
72 268 -1 1 0
71 268 -1 1 0
80 267 -1 1 0
79 267 -1 1 0
78 267 -1 1 0
77 267 -1 1 0
76 267 -1 1 0
75 267 -1 1 0
74 267 -1 1 0
73 267 -1 1 0
72 267 -1 1 0
71 267 -1 1 0
70 267 -1 1 0
80 266 -1 1 0
79 266 -1 1 0
78 266 -1 1 0
77 266 -1 1 0
76 266 -1 1 0
75 266 -1 1 0
74 266 -1 1 0
73 266 -1 1 0
72 266 -1 1 0
71 266 -1 1 0
70 266 -1 1 0
79 265 -1 1 0
78 265 -1 1 0
77 265 -1 1 0
76 265 -1 1 0
75 265 -1 1 0
74 265 -1 1 0
73 265 -1 1 0
72 265 -1 1 0
71 265 -1 1 0
79 264 -1 1 0
78 264 -1 1 0
77 264 -1 1 0
76 264 -1 1 0
75 264 -1 1 0
74 264 -1 1 0
73 264 -1 1 0
72 264 -1 1 0
71 264 -1 1 0
89 263 -1 1 0
79 263 -1 1 0
78 263 -1 1 0
77 263 -1 1 0
76 263 -1 1 0
75 263 -1 1 0
74 263 -1 1 0
73 263 -1 1 0
72 263 -1 1 0
71 263 -1 1 0
92 262 -1 1 0
91 262 -1 1 0
90 262 -1 1 0
89 262 -1 1 0
88 262 -1 1 0
87 262 -1 1 0
86 262 -1 1 0
78 262 -1 1 0
77 262 -1 1 0
76 262 -1 1 0
75 262 -1 1 0
74 262 -1 1 0
73 262 -1 1 0
72 262 -1 1 0
93 261 -1 1 0
92 261 -1 1 0
91 261 -1 1 0
90 261 -1 1 0
89 261 -1 1 0
88 261 -1 1 0
87 261 -1 1 0
86 261 -1 1 0
85 261 -1 1 0
75 261 -1 1 0
93 260 -1 1 0
92 260 -1 1 0
91 260 -1 1 0
90 260 -1 1 0
89 260 -1 1 0
88 260 -1 1 0
87 260 -1 1 0
86 260 -1 1 0
85 260 -1 1 0
93 259 -1 1 0
92 259 -1 1 0
91 259 -1 1 0
90 259 -1 1 0
89 259 -1 1 0
88 259 -1 1 0
87 259 -1 1 0
86 259 -1 1 0
85 259 -1 1 0
94 258 -1 1 0
93 258 -1 1 0
92 258 -1 1 0
91 258 -1 1 0
90 258 -1 1 0
89 258 -1 1 0
88 258 -1 1 0
87 258 -1 1 0
86 258 -1 1 0
85 258 -1 1 0
84 258 -1 1 0
93 257 -1 1 0
92 257 -1 1 0
91 257 -1 1 0
90 257 -1 1 0
89 257 -1 1 0
88 257 -1 1 0
87 257 -1 1 0
86 257 -1 1 0
85 257 -1 1 0
93 256 -1 1 0
92 256 -1 1 0
91 256 -1 1 0
90 256 -1 1 0
89 256 -1 1 0
88 256 -1 1 0
87 256 -1 1 0
86 256 -1 1 0
85 256 -1 1 0
93 255 -1 1 0
92 255 -1 1 0
91 255 -1 1 0
90 255 -1 1 0
89 255 -1 1 0
88 255 -1 1 0
87 255 -1 1 0
86 255 -1 1 0
85 255 -1 1 0
132 254 -1 0 0
92 254 -1 1 0
91 254 -1 1 0
90 254 -1 1 0
89 254 -1 1 0
88 254 -1 1 0
87 254 -1 1 0
86 254 -1 1 0
135 253 -1 0 0
134 253 -1 0 0
133 253 -1 0 0
132 253 -1 0 0
131 253 -1 0 0
130 253 -1 0 0
129 253 -1 0 0
89 253 -1 1 0
136 252 -1 0 0
135 252 -1 0 0
134 252 -1 0 0
133 252 -1 0 0
132 252 -1 0 0
131 252 -1 0 0
130 252 -1 0 0
129 252 -1 0 0
128 252 -1 0 0
136 251 -1 0 0
135 251 -1 0 0
134 251 -1 0 0
133 251 -1 0 0
132 251 -1 0 0
131 251 -1 0 0
130 251 -1 0 0
129 251 -1 0 0
128 251 -1 0 0
136 250 -1 0 0
135 250 -1 0 0
134 250 -1 0 0
133 250 -1 0 0
132 250 -1 0 0
131 250 -1 0 0
130 250 -1 0 0
129 250 -1 0 0
128 250 -1 0 0
137 249 -1 0 0
136 249 -1 0 0
135 249 -1 0 0
134 249 -1 0 0
133 249 -1 0 0
132 249 -1 0 0
131 249 -1 0 0
130 249 -1 0 0
129 249 -1 0 0
128 249 -1 0 0
127 249 -1 0 0
136 248 -1 0 0
135 248 -1 0 0
134 248 -1 0 0
133 248 -1 0 0
132 248 -1 0 0
131 248 -1 0 0
130 248 -1 0 0
129 248 -1 0 0
128 248 -1 0 0
136 247 -1 0 0
135 247 -1 0 0
134 247 -1 0 0
133 247 -1 0 0
132 247 -1 0 0
131 247 -1 0 0
130 247 -1 0 0
129 247 -1 0 0
128 247 -1 0 0
136 246 -1 0 0
135 246 -1 0 0
134 246 -1 0 0
133 246 -1 0 0
132 246 -1 0 0
131 246 -1 0 0
130 246 -1 0 0
129 246 -1 0 0
128 246 -1 0 0
135 245 -1 0 0
134 245 -1 0 0
133 245 -1 0 0
132 245 -1 0 0
131 245 -1 0 0
130 245 -1 0 0
129 245 -1 0 0
132 244 -1 0 0
153 208 -1 0 0
156 207 -1 0 0
155 207 -1 0 0
154 207 -1 0 0
153 207 -1 0 0
152 207 -1 0 0
151 207 -1 0 0
150 207 -1 0 0
157 206 -1 0 0
156 206 -1 0 0
155 206 -1 0 0
154 206 -1 0 0
153 206 -1 0 0
152 206 -1 0 0
151 206 -1 0 0
150 206 -1 0 0
149 206 -1 0 0
157 205 -1 0 0
156 205 -1 0 0
155 205 -1 0 0
154 205 -1 0 0
153 205 -1 0 0
152 205 -1 0 0
151 205 -1 0 0
150 205 -1 0 0
149 205 -1 0 0
157 204 -1 0 0
156 204 -1 0 0
155 204 -1 0 0
154 204 -1 0 0
153 204 -1 0 0
152 204 -1 0 0
151 204 -1 0 0
150 204 -1 0 0
149 204 -1 0 0
158 203 -1 0 0
157 203 -1 0 0
156 203 -1 0 0
155 203 -1 0 0
154 203 -1 0 0
153 203 -1 0 0
152 203 -1 0 0
151 203 -1 0 0
150 203 -1 0 0
149 203 -1 0 0
148 203 -1 0 0
157 202 -1 0 0
156 202 -1 0 0
155 202 -1 0 0
154 202 -1 0 0
153 202 -1 0 0
152 202 -1 0 0
151 202 -1 0 0
150 202 -1 0 0
149 202 -1 0 0
157 201 -1 0 0
156 201 -1 0 0
155 201 -1 0 0
154 201 -1 0 0
153 201 -1 0 0
152 201 -1 0 0
151 201 -1 0 0
150 201 -1 0 0
149 201 -1 0 0
157 200 -1 0 0
156 200 -1 0 0
155 200 -1 0 0
154 200 -1 0 0
153 200 -1 0 0
152 200 -1 0 0
151 200 -1 0 0
150 200 -1 0 0
149 200 -1 0 0
156 199 -1 0 0
155 199 -1 0 0
154 199 -1 0 0
153 199 -1 0 0
152 199 -1 0 0
151 199 -1 0 0
150 199 -1 0 0
153 198 -1 0 0
356 85 -1 0 0
359 84 -1 0 0
358 84 -1 0 0
357 84 -1 0 0
356 84 -1 0 0
355 84 -1 0 0
354 84 -1 0 0
353 84 -1 0 0
360 83 -1 0 0
359 83 -1 0 0
358 83 -1 0 0
357 83 -1 0 0
356 83 -1 0 0
355 83 -1 0 0
354 83 -1 0 0
353 83 -1 0 0
352 83 -1 0 0
360 82 -1 0 0
359 82 -1 0 0
358 82 -1 0 0
357 82 -1 0 0
356 82 -1 0 0
355 82 -1 0 0
354 82 -1 0 0
353 82 -1 0 0
352 82 -1 0 0
360 81 -1 0 0
359 81 -1 0 0
358 81 -1 0 0
357 81 -1 0 0
356 81 -1 0 0
355 81 -1 0 0
354 81 -1 0 0
353 81 -1 0 0
352 81 -1 0 0
361 80 -1 0 0
360 80 -1 0 0
359 80 -1 0 0
358 80 -1 0 0
357 80 -1 0 0
356 80 -1 0 0
355 80 -1 0 0
354 80 -1 0 0
353 80 -1 0 0
352 80 -1 0 0
351 80 -1 0 0
360 79 -1 0 0
359 79 -1 0 0
358 79 -1 0 0
357 79 -1 0 0
356 79 -1 0 0
355 79 -1 0 0
354 79 -1 0 0
353 79 -1 0 0
352 79 -1 0 0
360 78 -1 0 0
359 78 -1 0 0
358 78 -1 0 0
357 78 -1 0 0
356 78 -1 0 0
355 78 -1 0 0
354 78 -1 0 0
353 78 -1 0 0
352 78 -1 0 0
360 77 -1 0 0
359 77 -1 0 0
358 77 -1 0 0
357 77 -1 0 0
356 77 -1 0 0
355 77 -1 0 0
354 77 -1 0 0
353 77 -1 0 0
352 77 -1 0 0
359 76 -1 0 0
358 76 -1 0 0
357 76 -1 0 0
356 76 -1 0 0
355 76 -1 0 0
354 76 -1 0 0
353 76 -1 0 0
356 75 -1 0 0
