729 400 400
130 338 -1 0 0
133 337 -1 0 0
132 337 -1 0 0
131 337 -1 0 0
130 337 -1 0 0
129 337 -1 0 0
128 337 -1 0 0
127 337 -1 0 0
134 336 -1 0 0
133 336 -1 0 0
132 336 -1 0 0
131 336 -1 0 0
130 336 -1 0 0
129 336 -1 0 0
128 336 -1 0 0
127 336 -1 0 0
126 336 -1 0 0
134 335 -1 0 0
133 335 -1 0 0
132 335 -1 0 0
131 335 -1 0 0
130 335 -1 0 0
129 335 -1 0 0
128 335 -1 0 0
127 335 -1 0 0
126 335 -1 0 0
134 334 -1 0 0
133 334 -1 0 0
132 334 -1 0 0
131 334 -1 0 0
130 334 -1 0 0
129 334 -1 0 0
128 334 -1 0 0
127 334 -1 0 0
126 334 -1 0 0
135 333 -1 0 0
134 333 -1 0 0
133 333 -1 0 0
132 333 -1 0 0
131 333 -1 0 0
130 333 -1 0 0
129 333 -1 0 0
128 333 -1 0 0
127 333 -1 0 0
126 333 -1 0 0
125 333 -1 0 0
134 332 -1 0 0
133 332 -1 0 0
132 332 -1 0 0
131 332 -1 0 0
130 332 -1 0 0
129 332 -1 0 0
128 332 -1 0 0
127 332 -1 0 0
126 332 -1 0 0
134 331 -1 0 0
133 331 -1 0 0
132 331 -1 0 0
131 331 -1 0 0
130 331 -1 0 0
129 331 -1 0 0
128 331 -1 0 0
127 331 -1 0 0
126 331 -1 0 0
134 330 -1 0 0
133 330 -1 0 0
132 330 -1 0 0
131 330 -1 0 0
130 330 -1 0 0
129 330 -1 0 0
128 330 -1 0 0
127 330 -1 0 0
126 330 -1 0 0
133 329 -1 0 0
132 329 -1 0 0
131 329 -1 0 0
130 329 -1 0 0
129 329 -1 0 0
128 329 -1 0 0
127 329 -1 0 0
130 328 -1 0 0
220 224 -1 1 0
223 223 -1 1 0
222 223 -1 1 0
221 223 -1 1 0
220 223 -1 1 0
219 223 -1 1 0
218 223 -1 1 0
217 223 -1 1 0
199 223 -1 1 0
224 222 -1 1 0
223 222 -1 1 0
222 222 -1 1 0
221 222 -1 1 0
220 222 -1 1 0
219 222 -1 1 0
218 222 -1 1 0
217 222 -1 1 0
216 222 -1 1 0
202 222 -1 1 0
201 222 -1 1 0
200 222 -1 1 0
199 222 -1 1 0
198 222 -1 1 0
197 222 -1 1 0
196 222 -1 1 0
224 221 -1 1 0
223 221 -1 1 0
222 221 -1 1 0
221 221 -1 1 0
220 221 -1 1 0
219 221 -1 1 0
218 221 -1 1 0
217 221 -1 1 0
216 221 -1 1 0
203 221 -1 1 0
202 221 -1 1 0
201 221 -1 1 0
200 221 -1 1 0
199 221 -1 1 0
198 221 -1 1 0
197 221 -1 1 0
196 221 -1 1 0
195 221 -1 1 0
224 220 -1 1 0
223 220 -1 1 0
222 220 -1 1 0
221 220 -1 1 0
220 220 -1 1 0
219 220 -1 1 0
218 220 -1 1 0
217 220 -1 1 0
216 220 -1 1 0
203 220 -1 1 0
202 220 -1 1 0
201 220 -1 1 0
200 220 -1 1 0
199 220 -1 1 0
198 220 -1 1 0
197 220 -1 1 0
196 220 -1 1 0
195 220 -1 1 0
225 219 -1 1 0
224 219 -1 1 0
223 219 -1 1 0
222 219 -1 1 0
221 219 -1 1 0
220 219 -1 1 0
219 219 -1 1 0
218 219 -1 1 0
217 219 -1 1 0
216 219 -1 1 0
215 219 -1 1 0
203 219 -1 1 0
202 219 -1 1 0
201 219 -1 1 0
200 219 -1 1 0
199 219 -1 1 0
198 219 -1 1 0
197 219 -1 1 0
196 219 -1 1 0
195 219 -1 1 0
224 218 -1 1 0
223 218 -1 1 0
222 218 -1 1 0
221 218 -1 1 0
220 218 -1 1 0
219 218 -1 1 0
218 218 -1 1 0
217 218 -1 1 0
216 218 -1 1 0
204 218 -1 1 0
203 218 -1 1 0
202 218 -1 1 0
201 218 -1 1 0
200 218 -1 1 0
199 218 -1 1 0
198 218 -1 1 0
197 218 -1 1 0
196 218 -1 1 0
195 218 -1 1 0
194 218 -1 1 0
224 217 -1 1 0
223 217 -1 1 0
222 217 -1 1 0
221 217 -1 1 0
220 217 -1 1 0
219 217 -1 1 0
218 217 -1 1 0
217 217 -1 1 0
216 217 -1 1 0
203 217 -1 1 0
202 217 -1 1 0
201 217 -1 1 0
200 217 -1 1 0
199 217 -1 1 0
198 217 -1 1 0
197 217 -1 1 0
196 217 -1 1 0
195 217 -1 1 0
224 216 -1 1 0
223 216 -1 1 0
222 216 -1 1 0
221 216 -1 1 0
220 216 -1 1 0
219 216 -1 1 0
218 216 -1 1 0
217 216 -1 1 0
216 216 -1 1 0
203 216 -1 1 0
202 216 -1 1 0
201 216 -1 1 0
200 216 -1 1 0
199 216 -1 1 0
198 216 -1 1 0
197 216 -1 1 0
196 216 -1 1 0
195 216 -1 1 0
223 215 -1 1 0
222 215 -1 1 0
221 215 -1 1 0
220 215 -1 1 0
219 215 -1 1 0
218 215 -1 1 0
217 215 -1 1 0
203 215 -1 1 0
202 215 -1 1 0
201 215 -1 1 0
200 215 -1 1 0
199 215 -1 1 0
198 215 -1 1 0
197 215 -1 1 0
196 215 -1 1 0
195 215 -1 1 0
220 214 -1 1 0
202 214 -1 1 0
201 214 -1 1 0
200 214 -1 1 0
199 214 -1 1 0
198 214 -1 1 0
197 214 -1 1 0
196 214 -1 1 0
199 213 -1 1 0
211 212 -1 1 0
214 211 -1 1 0
213 211 -1 1 0
212 211 -1 1 0
211 211 -1 1 0
210 211 -1 1 0
209 211 -1 1 0
208 211 -1 1 0
215 210 -1 1 0
214 210 -1 1 0
213 210 -1 1 0
212 210 -1 1 0
211 210 -1 1 0
210 210 -1 1 0
209 210 -1 1 0
208 210 -1 1 0
207 210 -1 1 0
215 209 -1 1 0
214 209 -1 1 0
213 209 -1 1 0
212 209 -1 1 0
211 209 -1 1 0
210 209 -1 1 0
209 209 -1 1 0
208 209 -1 1 0
207 209 -1 1 0
197 209 -1 1 0
215 208 -1 1 0
214 208 -1 1 0
213 208 -1 1 0
212 208 -1 1 0
211 208 -1 1 0
210 208 -1 1 0
209 208 -1 1 0
208 208 -1 1 0
207 208 -1 1 0
200 208 -1 1 0
199 208 -1 1 0
198 208 -1 1 0
197 208 -1 1 0
196 208 -1 1 0
195 208 -1 1 0
194 208 -1 1 0
216 207 -1 1 0
215 207 -1 1 0
214 207 -1 1 0
213 207 -1 1 0
212 207 -1 1 0
211 207 -1 1 0
210 207 -1 1 0
209 207 -1 1 0
208 207 -1 1 0
207 207 -1 1 0
206 207 -1 1 0
201 207 -1 1 0
200 207 -1 1 0
199 207 -1 1 0
198 207 -1 1 0
197 207 -1 1 0
196 207 -1 1 0
195 207 -1 1 0
194 207 -1 1 0
193 207 -1 1 0
215 206 -1 1 0
214 206 -1 1 0
213 206 -1 1 0
212 206 -1 1 0
211 206 -1 1 0
210 206 -1 1 0
209 206 -1 1 0
208 206 -1 1 0
207 206 -1 1 0
201 206 -1 1 0
200 206 -1 1 0
199 206 -1 1 0
198 206 -1 1 0
197 206 -1 1 0
196 206 -1 1 0
195 206 -1 1 0
194 206 -1 1 0
193 206 -1 1 0
215 205 -1 1 0
214 205 -1 1 0
213 205 -1 1 0
212 205 -1 1 0
211 205 -1 1 0
210 205 -1 1 0
209 205 -1 1 0
208 205 -1 1 0
207 205 -1 1 0
201 205 -1 1 0
200 205 -1 1 0
199 205 -1 1 0
198 205 -1 1 0
197 205 -1 1 0
196 205 -1 1 0
195 205 -1 1 0
194 205 -1 1 0
193 205 -1 1 0
215 204 -1 1 0
214 204 -1 1 0
213 204 -1 1 0
212 204 -1 1 0
211 204 -1 1 0
210 204 -1 1 0
209 204 -1 1 0
208 204 -1 1 0
207 204 -1 1 0
202 204 -1 1 0
201 204 -1 1 0
200 204 -1 1 0
199 204 -1 1 0
198 204 -1 1 0
197 204 -1 1 0
196 204 -1 1 0
195 204 -1 1 0
194 204 -1 1 0
193 204 -1 1 0
192 204 -1 1 0
214 203 -1 1 0
213 203 -1 1 0
212 203 -1 1 0
211 203 -1 1 0
210 203 -1 1 0
209 203 -1 1 0
208 203 -1 1 0
201 203 -1 1 0
200 203 -1 1 0
199 203 -1 1 0
198 203 -1 1 0
197 203 -1 1 0
196 203 -1 1 0
195 203 -1 1 0
194 203 -1 1 0
193 203 -1 1 0
211 202 -1 1 0
201 202 -1 1 0
200 202 -1 1 0
199 202 -1 1 0
198 202 -1 1 0
197 202 -1 1 0
196 202 -1 1 0
195 202 -1 1 0
194 202 -1 1 0
193 202 -1 1 0
201 201 -1 1 0
200 201 -1 1 0
199 201 -1 1 0
198 201 -1 1 0
197 201 -1 1 0
196 201 -1 1 0
195 201 -1 1 0
194 201 -1 1 0
193 201 -1 1 0
200 200 -1 1 0
199 200 -1 1 0
198 200 -1 1 0
197 200 -1 1 0
196 200 -1 1 0
195 200 -1 1 0
194 200 -1 1 0
197 199 -1 1 0
178 163 -1 0 0
181 162 -1 0 0
180 162 -1 0 0
179 162 -1 0 0
178 162 -1 0 0
177 162 -1 0 0
176 162 -1 0 0
175 162 -1 0 0
182 161 -1 0 0
181 161 -1 0 0
180 161 -1 0 0
179 161 -1 0 0
178 161 -1 0 0
177 161 -1 0 0
176 161 -1 0 0
175 161 -1 0 0
174 161 -1 0 0
182 160 -1 0 0
181 160 -1 0 0
180 160 -1 0 0
179 160 -1 0 0
178 160 -1 0 0
177 160 -1 0 0
176 160 -1 0 0
175 160 -1 0 0
174 160 -1 0 0
182 159 -1 0 0
181 159 -1 0 0
180 159 -1 0 0
179 159 -1 0 0
178 159 -1 0 0
177 159 -1 0 0
176 159 -1 0 0
175 159 -1 0 0
174 159 -1 0 0
183 158 -1 0 0
182 158 -1 0 0
181 158 -1 0 0
180 158 -1 0 0
179 158 -1 0 0
178 158 -1 0 0
177 158 -1 0 0
176 158 -1 0 0
175 158 -1 0 0
174 158 -1 0 0
173 158 -1 0 0
182 157 -1 0 0
181 157 -1 0 0
180 157 -1 0 0
179 157 -1 0 0
178 157 -1 0 0
177 157 -1 0 0
176 157 -1 0 0
175 157 -1 0 0
174 157 -1 0 0
182 156 -1 0 0
181 156 -1 0 0
180 156 -1 0 0
179 156 -1 0 0
178 156 -1 0 0
177 156 -1 0 0
176 156 -1 0 0
175 156 -1 0 0
174 156 -1 0 0
182 155 -1 0 0
181 155 -1 0 0
180 155 -1 0 0
179 155 -1 0 0
178 155 -1 0 0
177 155 -1 0 0
176 155 -1 0 0
175 155 -1 0 0
174 155 -1 0 0
181 154 -1 0 0
180 154 -1 0 0
179 154 -1 0 0
178 154 -1 0 0
177 154 -1 0 0
176 154 -1 0 0
175 154 -1 0 0
178 153 -1 0 0
85 46 -1 0 0
88 45 -1 0 0
87 45 -1 0 0
86 45 -1 0 0
85 45 -1 0 0
84 45 -1 0 0
83 45 -1 0 0
82 45 -1 0 0
89 44 -1 0 0
88 44 -1 0 0
87 44 -1 0 0
86 44 -1 0 0
85 44 -1 0 0
84 44 -1 0 0
83 44 -1 0 0
82 44 -1 0 0
81 44 -1 0 0
89 43 -1 0 0
88 43 -1 0 0
87 43 -1 0 0
86 43 -1 0 0
85 43 -1 0 0
84 43 -1 0 0
83 43 -1 0 0
82 43 -1 0 0
81 43 -1 0 0
89 42 -1 0 0
88 42 -1 0 0
87 42 -1 0 0
86 42 -1 0 0
85 42 -1 0 0
84 42 -1 0 0
83 42 -1 0 0
82 42 -1 0 0
81 42 -1 0 0
90 41 -1 0 0
89 41 -1 0 0
88 41 -1 0 0
87 41 -1 0 0
86 41 -1 0 0
85 41 -1 0 0
84 41 -1 0 0
83 41 -1 0 0
82 41 -1 0 0
81 41 -1 0 0
80 41 -1 0 0
31 41 -1 0 0
89 40 -1 0 0
88 40 -1 0 0
87 40 -1 0 0
86 40 -1 0 0
85 40 -1 0 0
84 40 -1 0 0
83 40 -1 0 0
82 40 -1 0 0
81 40 -1 0 0
34 40 -1 0 0
33 40 -1 0 0
32 40 -1 0 0
31 40 -1 0 0
30 40 -1 0 0
29 40 -1 0 0
28 40 -1 0 0
89 39 -1 0 0
88 39 -1 0 0
87 39 -1 0 0
86 39 -1 0 0
85 39 -1 0 0
84 39 -1 0 0
83 39 -1 0 0
82 39 -1 0 0
81 39 -1 0 0
35 39 -1 0 0
34 39 -1 0 0
33 39 -1 0 0
32 39 -1 0 0
31 39 -1 0 0
30 39 -1 0 0
29 39 -1 0 0
28 39 -1 0 0
27 39 -1 0 0
89 38 -1 0 0
88 38 -1 0 0
87 38 -1 0 0
86 38 -1 0 0
85 38 -1 0 0
84 38 -1 0 0
83 38 -1 0 0
82 38 -1 0 0
81 38 -1 0 0
35 38 -1 0 0
34 38 -1 0 0
33 38 -1 0 0
32 38 -1 0 0
31 38 -1 0 0
30 38 -1 0 0
29 38 -1 0 0
28 38 -1 0 0
27 38 -1 0 0
88 37 -1 0 0
87 37 -1 0 0
86 37 -1 0 0
85 37 -1 0 0
84 37 -1 0 0
83 37 -1 0 0
82 37 -1 0 0
35 37 -1 0 0
34 37 -1 0 0
33 37 -1 0 0
32 37 -1 0 0
31 37 -1 0 0
30 37 -1 0 0
29 37 -1 0 0
28 37 -1 0 0
27 37 -1 0 0
85 36 -1 0 0
36 36 -1 0 0
35 36 -1 0 0
34 36 -1 0 0
33 36 -1 0 0
32 36 -1 0 0
31 36 -1 0 0
30 36 -1 0 0
29 36 -1 0 0
28 36 -1 0 0
27 36 -1 0 0
26 36 -1 0 0
35 35 -1 0 0
34 35 -1 0 0
33 35 -1 0 0
32 35 -1 0 0
31 35 -1 0 0
30 35 -1 0 0
29 35 -1 0 0
28 35 -1 0 0
27 35 -1 0 0
35 34 -1 0 0
34 34 -1 0 0
33 34 -1 0 0
32 34 -1 0 0
31 34 -1 0 0
30 34 -1 0 0
29 34 -1 0 0
28 34 -1 0 0
27 34 -1 0 0
35 33 -1 0 0
34 33 -1 0 0
33 33 -1 0 0
32 33 -1 0 0
31 33 -1 0 0
30 33 -1 0 0
29 33 -1 0 0
28 33 -1 0 0
27 33 -1 0 0
34 32 -1 0 0
33 32 -1 0 0
32 32 -1 0 0
31 32 -1 0 0
30 32 -1 0 0
29 32 -1 0 0
28 32 -1 0 0
31 31 -1 0 0
379 26 -1 0 0
382 25 -1 0 0
381 25 -1 0 0
380 25 -1 0 0
379 25 -1 0 0
378 25 -1 0 0
377 25 -1 0 0
376 25 -1 0 0
383 24 -1 0 0
382 24 -1 0 0
381 24 -1 0 0
380 24 -1 0 0
379 24 -1 0 0
378 24 -1 0 0
377 24 -1 0 0
376 24 -1 0 0
375 24 -1 0 0
383 23 -1 0 0
382 23 -1 0 0
381 23 -1 0 0
380 23 -1 0 0
379 23 -1 0 0
378 23 -1 0 0
377 23 -1 0 0
376 23 -1 0 0
375 23 -1 0 0
383 22 -1 0 0
382 22 -1 0 0
381 22 -1 0 0
380 22 -1 0 0
379 22 -1 0 0
378 22 -1 0 0
377 22 -1 0 0
376 22 -1 0 0
375 22 -1 0 0
384 21 -1 0 0
383 21 -1 0 0
382 21 -1 0 0
381 21 -1 0 0
380 21 -1 0 0
379 21 -1 0 0
378 21 -1 0 0
377 21 -1 0 0
376 21 -1 0 0
375 21 -1 0 0
374 21 -1 0 0
383 20 -1 0 0
382 20 -1 0 0
381 20 -1 0 0
380 20 -1 0 0
379 20 -1 0 0
378 20 -1 0 0
377 20 -1 0 0
376 20 -1 0 0
375 20 -1 0 0
383 19 -1 0 0
382 19 -1 0 0
381 19 -1 0 0
380 19 -1 0 0
379 19 -1 0 0
378 19 -1 0 0
377 19 -1 0 0
376 19 -1 0 0
375 19 -1 0 0
383 18 -1 0 0
382 18 -1 0 0
381 18 -1 0 0
380 18 -1 0 0
379 18 -1 0 0
378 18 -1 0 0
377 18 -1 0 0
376 18 -1 0 0
375 18 -1 0 0
382 17 -1 0 0
381 17 -1 0 0
380 17 -1 0 0
379 17 -1 0 0
378 17 -1 0 0
377 17 -1 0 0
376 17 -1 0 0
379 16 -1 0 0
