729 400 400
338 272 -1 0 0
341 271 -1 0 0
340 271 -1 0 0
339 271 -1 0 0
338 271 -1 0 0
337 271 -1 0 0
336 271 -1 0 0
335 271 -1 0 0
342 270 -1 0 0
341 270 -1 0 0
340 270 -1 0 0
339 270 -1 0 0
338 270 -1 0 0
337 270 -1 0 0
336 270 -1 0 0
335 270 -1 0 0
334 270 -1 0 0
342 269 -1 0 0
341 269 -1 0 0
340 269 -1 0 0
339 269 -1 0 0
338 269 -1 0 0
337 269 -1 0 0
336 269 -1 0 0
335 269 -1 0 0
334 269 -1 0 0
342 268 -1 0 0
341 268 -1 0 0
340 268 -1 0 0
339 268 -1 0 0
338 268 -1 0 0
337 268 -1 0 0
336 268 -1 0 0
335 268 -1 0 0
334 268 -1 0 0
343 267 -1 0 0
342 267 -1 0 0
341 267 -1 0 0
340 267 -1 0 0
339 267 -1 0 0
338 267 -1 0 0
337 267 -1 0 0
336 267 -1 0 0
335 267 -1 0 0
334 267 -1 0 0
333 267 -1 0 0
342 266 -1 0 0
341 266 -1 0 0
340 266 -1 0 0
339 266 -1 0 0
338 266 -1 0 0
337 266 -1 0 0
336 266 -1 0 0
335 266 -1 0 0
334 266 -1 0 0
342 265 -1 0 0
341 265 -1 0 0
340 265 -1 0 0
339 265 -1 0 0
338 265 -1 0 0
337 265 -1 0 0
336 265 -1 0 0
335 265 -1 0 0
334 265 -1 0 0
342 264 -1 0 0
341 264 -1 0 0
340 264 -1 0 0
339 264 -1 0 0
338 264 -1 0 0
337 264 -1 0 0
336 264 -1 0 0
335 264 -1 0 0
334 264 -1 0 0
341 263 -1 0 0
340 263 -1 0 0
339 263 -1 0 0
338 263 -1 0 0
337 263 -1 0 0
336 263 -1 0 0
335 263 -1 0 0
338 262 -1 0 0
182 202 -1 1 0
185 201 -1 1 0
184 201 -1 1 0
183 201 -1 1 0
182 201 -1 1 0
181 201 -1 1 0
180 201 -1 1 0
179 201 -1 1 0
186 200 -1 1 0
185 200 -1 1 0
184 200 -1 1 0
183 200 -1 1 0
182 200 -1 1 0
181 200 -1 1 0
180 200 -1 1 0
179 200 -1 1 0
178 200 -1 1 0
223 199 -1 1 0
186 199 -1 1 0
185 199 -1 1 0
184 199 -1 1 0
183 199 -1 1 0
182 199 -1 1 0
181 199 -1 1 0
180 199 -1 1 0
179 199 -1 1 0
178 199 -1 1 0
226 198 -1 1 0
225 198 -1 1 0
224 198 -1 1 0
223 198 -1 1 0
222 198 -1 1 0
221 198 -1 1 0
220 198 -1 1 0
186 198 -1 1 0
185 198 -1 1 0
184 198 -1 1 0
183 198 -1 1 0
182 198 -1 1 0
181 198 -1 1 0
180 198 -1 1 0
179 198 -1 1 0
178 198 -1 1 0
227 197 -1 1 0
226 197 -1 1 0
225 197 -1 1 0
224 197 -1 1 0
223 197 -1 1 0
222 197 -1 1 0
221 197 -1 1 0
220 197 -1 1 0
219 197 -1 1 0
187 197 -1 1 0
186 197 -1 1 0
185 197 -1 1 0
184 197 -1 1 0
183 197 -1 1 0
182 197 -1 1 0
181 197 -1 1 0
180 197 -1 1 0
179 197 -1 1 0
178 197 -1 1 0
177 197 -1 1 0
227 196 -1 1 0
226 196 -1 1 0
225 196 -1 1 0
224 196 -1 1 0
223 196 -1 1 0
222 196 -1 1 0
221 196 -1 1 0
220 196 -1 1 0
219 196 -1 1 0
186 196 -1 1 0
185 196 -1 1 0
184 196 -1 1 0
183 196 -1 1 0
182 196 -1 1 0
181 196 -1 1 0
180 196 -1 1 0
179 196 -1 1 0
178 196 -1 1 0
227 195 -1 1 0
226 195 -1 1 0
225 195 -1 1 0
224 195 -1 1 0
223 195 -1 1 0
222 195 -1 1 0
221 195 -1 1 0
220 195 -1 1 0
219 195 -1 1 0
186 195 -1 1 0
185 195 -1 1 0
184 195 -1 1 0
183 195 -1 1 0
182 195 -1 1 0
181 195 -1 1 0
180 195 -1 1 0
179 195 -1 1 0
178 195 -1 1 0
228 194 -1 1 0
227 194 -1 1 0
226 194 -1 1 0
225 194 -1 1 0
224 194 -1 1 0
223 194 -1 1 0
222 194 -1 1 0
221 194 -1 1 0
220 194 -1 1 0
219 194 -1 1 0
218 194 -1 1 0
186 194 -1 1 0
185 194 -1 1 0
184 194 -1 1 0
183 194 -1 1 0
182 194 -1 1 0
181 194 -1 1 0
180 194 -1 1 0
179 194 -1 1 0
178 194 -1 1 0
227 193 -1 1 0
226 193 -1 1 0
225 193 -1 1 0
224 193 -1 1 0
223 193 -1 1 0
222 193 -1 1 0
221 193 -1 1 0
220 193 -1 1 0
219 193 -1 1 0
200 193 -1 1 0
185 193 -1 1 0
184 193 -1 1 0
183 193 -1 1 0
182 193 -1 1 0
181 193 -1 1 0
180 193 -1 1 0
179 193 -1 1 0
227 192 -1 1 0
226 192 -1 1 0
225 192 -1 1 0
224 192 -1 1 0
223 192 -1 1 0
222 192 -1 1 0
221 192 -1 1 0
220 192 -1 1 0
219 192 -1 1 0
203 192 -1 1 0
202 192 -1 1 0
201 192 -1 1 0
200 192 -1 1 0
199 192 -1 1 0
198 192 -1 1 0
197 192 -1 1 0
182 192 -1 1 0
227 191 -1 1 0
226 191 -1 1 0
225 191 -1 1 0
224 191 -1 1 0
223 191 -1 1 0
222 191 -1 1 0
221 191 -1 1 0
220 191 -1 1 0
219 191 -1 1 0
204 191 -1 1 0
203 191 -1 1 0
202 191 -1 1 0
201 191 -1 1 0
200 191 -1 1 0
199 191 -1 1 0
198 191 -1 1 0
197 191 -1 1 0
196 191 -1 1 0
226 190 -1 1 0
225 190 -1 1 0
224 190 -1 1 0
223 190 -1 1 0
222 190 -1 1 0
221 190 -1 1 0
220 190 -1 1 0
204 190 -1 1 0
203 190 -1 1 0
202 190 -1 1 0
201 190 -1 1 0
200 190 -1 1 0
199 190 -1 1 0
198 190 -1 1 0
197 190 -1 1 0
196 190 -1 1 0
223 189 -1 1 0
204 189 -1 1 0
203 189 -1 1 0
202 189 -1 1 0
201 189 -1 1 0
200 189 -1 1 0
199 189 -1 1 0
198 189 -1 1 0
197 189 -1 1 0
196 189 -1 1 0
205 188 -1 1 0
204 188 -1 1 0
203 188 -1 1 0
202 188 -1 1 0
201 188 -1 1 0
200 188 -1 1 0
199 188 -1 1 0
198 188 -1 1 0
197 188 -1 1 0
196 188 -1 1 0
195 188 -1 1 0
204 187 -1 1 0
203 187 -1 1 0
202 187 -1 1 0
201 187 -1 1 0
200 187 -1 1 0
199 187 -1 1 0
198 187 -1 1 0
197 187 -1 1 0
196 187 -1 1 0
204 186 -1 1 0
203 186 -1 1 0
202 186 -1 1 0
201 186 -1 1 0
200 186 -1 1 0
199 186 -1 1 0
198 186 -1 1 0
197 186 -1 1 0
196 186 -1 1 0
204 185 -1 1 0
203 185 -1 1 0
202 185 -1 1 0
201 185 -1 1 0
200 185 -1 1 0
199 185 -1 1 0
198 185 -1 1 0
197 185 -1 1 0
196 185 -1 1 0
203 184 -1 1 0
202 184 -1 1 0
201 184 -1 1 0
200 184 -1 1 0
199 184 -1 1 0
198 184 -1 1 0
197 184 -1 1 0
200 183 -1 1 0
211 174 -1 1 0
214 173 -1 1 0
213 173 -1 1 0
212 173 -1 1 0
211 173 -1 1 0
210 173 -1 1 0
209 173 -1 1 0
208 173 -1 1 0
176 173 -1 0 0
215 172 -1 1 0
214 172 -1 1 0
213 172 -1 1 0
212 172 -1 1 0
211 172 -1 1 0
210 172 -1 1 0
209 172 -1 1 0
208 172 -1 1 0
207 172 -1 1 0
179 172 -1 0 0
178 172 -1 0 0
177 172 -1 0 0
176 172 -1 0 0
175 172 -1 0 0
174 172 -1 0 0
173 172 -1 0 0
215 171 -1 1 0
214 171 -1 1 0
213 171 -1 1 0
212 171 -1 1 0
211 171 -1 1 0
210 171 -1 1 0
209 171 -1 1 0
208 171 -1 1 0
207 171 -1 1 0
180 171 -1 0 0
179 171 -1 0 0
178 171 -1 0 0
177 171 -1 0 0
176 171 -1 0 0
175 171 -1 0 0
174 171 -1 0 0
173 171 -1 0 0
172 171 -1 0 0
215 170 -1 1 0
214 170 -1 1 0
213 170 -1 1 0
212 170 -1 1 0
211 170 -1 1 0
210 170 -1 1 0
209 170 -1 1 0
208 170 -1 1 0
207 170 -1 1 0
180 170 -1 0 0
179 170 -1 0 0
178 170 -1 0 0
177 170 -1 0 0
176 170 -1 0 0
175 170 -1 0 0
174 170 -1 0 0
173 170 -1 0 0
172 170 -1 0 0
216 169 -1 1 0
215 169 -1 1 0
214 169 -1 1 0
213 169 -1 1 0
212 169 -1 1 0
211 169 -1 1 0
210 169 -1 1 0
209 169 -1 1 0
208 169 -1 1 0
207 169 -1 1 0
206 169 -1 1 0
180 169 -1 0 0
179 169 -1 0 0
178 169 -1 0 0
177 169 -1 0 0
176 169 -1 0 0
175 169 -1 0 0
174 169 -1 0 0
173 169 -1 0 0
172 169 -1 0 0
215 168 -1 1 0
214 168 -1 1 0
213 168 -1 1 0
212 168 -1 1 0
211 168 -1 1 0
210 168 -1 1 0
209 168 -1 1 0
208 168 -1 1 0
207 168 -1 1 0
181 168 -1 0 0
180 168 -1 0 0
179 168 -1 0 0
178 168 -1 0 0
177 168 -1 0 0
176 168 -1 0 0
175 168 -1 0 0
174 168 -1 0 0
173 168 -1 0 0
172 168 -1 0 0
171 168 -1 0 0
215 167 -1 1 0
214 167 -1 1 0
213 167 -1 1 0
212 167 -1 1 0
211 167 -1 1 0
210 167 -1 1 0
209 167 -1 1 0
208 167 -1 1 0
207 167 -1 1 0
180 167 -1 0 0
179 167 -1 0 0
178 167 -1 0 0
177 167 -1 0 0
176 167 -1 0 0
175 167 -1 0 0
174 167 -1 0 0
173 167 -1 0 0
172 167 -1 0 0
215 166 -1 1 0
214 166 -1 1 0
213 166 -1 1 0
212 166 -1 1 0
211 166 -1 1 0
210 166 -1 1 0
209 166 -1 1 0
208 166 -1 1 0
207 166 -1 1 0
180 166 -1 0 0
179 166 -1 0 0
178 166 -1 0 0
177 166 -1 0 0
176 166 -1 0 0
175 166 -1 0 0
174 166 -1 0 0
173 166 -1 0 0
172 166 -1 0 0
214 165 -1 1 0
213 165 -1 1 0
212 165 -1 1 0
211 165 -1 1 0
210 165 -1 1 0
209 165 -1 1 0
208 165 -1 1 0
180 165 -1 0 0
179 165 -1 0 0
178 165 -1 0 0
177 165 -1 0 0
176 165 -1 0 0
175 165 -1 0 0
174 165 -1 0 0
173 165 -1 0 0
172 165 -1 0 0
211 164 -1 1 0
179 164 -1 0 0
178 164 -1 0 0
177 164 -1 0 0
176 164 -1 0 0
175 164 -1 0 0
174 164 -1 0 0
173 164 -1 0 0
250 163 -1 1 0
176 163 -1 0 0
253 162 -1 1 0
252 162 -1 1 0
251 162 -1 1 0
250 162 -1 1 0
249 162 -1 1 0
248 162 -1 1 0
247 162 -1 1 0
254 161 -1 1 0
253 161 -1 1 0
252 161 -1 1 0
251 161 -1 1 0
250 161 -1 1 0
249 161 -1 1 0
248 161 -1 1 0
247 161 -1 1 0
246 161 -1 1 0
254 160 -1 1 0
253 160 -1 1 0
252 160 -1 1 0
251 160 -1 1 0
250 160 -1 1 0
249 160 -1 1 0
248 160 -1 1 0
247 160 -1 1 0
246 160 -1 1 0
254 159 -1 1 0
253 159 -1 1 0
252 159 -1 1 0
251 159 -1 1 0
250 159 -1 1 0
249 159 -1 1 0
248 159 -1 1 0
247 159 -1 1 0
246 159 -1 1 0
255 158 -1 1 0
254 158 -1 1 0
253 158 -1 1 0
252 158 -1 1 0
251 158 -1 1 0
250 158 -1 1 0
249 158 -1 1 0
248 158 -1 1 0
247 158 -1 1 0
246 158 -1 1 0
245 158 -1 1 0
254 157 -1 1 0
253 157 -1 1 0
252 157 -1 1 0
251 157 -1 1 0
250 157 -1 1 0
249 157 -1 1 0
248 157 -1 1 0
247 157 -1 1 0
246 157 -1 1 0
254 156 -1 1 0
253 156 -1 1 0
252 156 -1 1 0
251 156 -1 1 0
250 156 -1 1 0
249 156 -1 1 0
248 156 -1 1 0
247 156 -1 1 0
246 156 -1 1 0
254 155 -1 1 0
253 155 -1 1 0
252 155 -1 1 0
251 155 -1 1 0
250 155 -1 1 0
249 155 -1 1 0
248 155 -1 1 0
247 155 -1 1 0
246 155 -1 1 0
253 154 -1 1 0
252 154 -1 1 0
251 154 -1 1 0
250 154 -1 1 0
249 154 -1 1 0
248 154 -1 1 0
247 154 -1 1 0
250 153 -1 1 0
117 89 -1 0 0
120 88 -1 0 0
119 88 -1 0 0
118 88 -1 0 0
117 88 -1 0 0
116 88 -1 0 0
115 88 -1 0 0
114 88 -1 0 0
121 87 -1 0 0
120 87 -1 0 0
119 87 -1 0 0
118 87 -1 0 0
117 87 -1 0 0
116 87 -1 0 0
115 87 -1 0 0
114 87 -1 0 0
113 87 -1 0 0
121 86 -1 0 0
120 86 -1 0 0
119 86 -1 0 0
118 86 -1 0 0
117 86 -1 0 0
116 86 -1 0 0
115 86 -1 0 0
114 86 -1 0 0
113 86 -1 0 0
121 85 -1 0 0
120 85 -1 0 0
119 85 -1 0 0
118 85 -1 0 0
117 85 -1 0 0
116 85 -1 0 0
115 85 -1 0 0
114 85 -1 0 0
113 85 -1 0 0
122 84 -1 0 0
121 84 -1 0 0
120 84 -1 0 0
119 84 -1 0 0
118 84 -1 0 0
117 84 -1 0 0
116 84 -1 0 0
115 84 -1 0 0
114 84 -1 0 0
113 84 -1 0 0
112 84 -1 0 0
121 83 -1 0 0
120 83 -1 0 0
119 83 -1 0 0
118 83 -1 0 0
117 83 -1 0 0
116 83 -1 0 0
115 83 -1 0 0
114 83 -1 0 0
113 83 -1 0 0
121 82 -1 0 0
120 82 -1 0 0
119 82 -1 0 0
118 82 -1 0 0
117 82 -1 0 0
116 82 -1 0 0
115 82 -1 0 0
114 82 -1 0 0
113 82 -1 0 0
121 81 -1 0 0
120 81 -1 0 0
119 81 -1 0 0
118 81 -1 0 0
117 81 -1 0 0
116 81 -1 0 0
115 81 -1 0 0
114 81 -1 0 0
113 81 -1 0 0
120 80 -1 0 0
119 80 -1 0 0
118 80 -1 0 0
117 80 -1 0 0
116 80 -1 0 0
115 80 -1 0 0
114 80 -1 0 0
117 79 -1 0 0
317 48 -1 0 0
320 47 -1 0 0
319 47 -1 0 0
318 47 -1 0 0
317 47 -1 0 0
316 47 -1 0 0
315 47 -1 0 0
314 47 -1 0 0
321 46 -1 0 0
320 46 -1 0 0
319 46 -1 0 0
318 46 -1 0 0
317 46 -1 0 0
316 46 -1 0 0
315 46 -1 0 0
314 46 -1 0 0
313 46 -1 0 0
321 45 -1 0 0
320 45 -1 0 0
319 45 -1 0 0
318 45 -1 0 0
317 45 -1 0 0
316 45 -1 0 0
315 45 -1 0 0
314 45 -1 0 0
313 45 -1 0 0
321 44 -1 0 0
320 44 -1 0 0
319 44 -1 0 0
318 44 -1 0 0
317 44 -1 0 0
316 44 -1 0 0
315 44 -1 0 0
314 44 -1 0 0
313 44 -1 0 0
322 43 -1 0 0
321 43 -1 0 0
320 43 -1 0 0
319 43 -1 0 0
318 43 -1 0 0
317 43 -1 0 0
316 43 -1 0 0
315 43 -1 0 0
314 43 -1 0 0
313 43 -1 0 0
312 43 -1 0 0
321 42 -1 0 0
320 42 -1 0 0
319 42 -1 0 0
318 42 -1 0 0
317 42 -1 0 0
316 42 -1 0 0
315 42 -1 0 0
314 42 -1 0 0
313 42 -1 0 0
321 41 -1 0 0
320 41 -1 0 0
319 41 -1 0 0
318 41 -1 0 0
317 41 -1 0 0
316 41 -1 0 0
315 41 -1 0 0
314 41 -1 0 0
313 41 -1 0 0
321 40 -1 0 0
320 40 -1 0 0
319 40 -1 0 0
318 40 -1 0 0
317 40 -1 0 0
316 40 -1 0 0
315 40 -1 0 0
314 40 -1 0 0
313 40 -1 0 0
320 39 -1 0 0
319 39 -1 0 0
318 39 -1 0 0
317 39 -1 0 0
316 39 -1 0 0
315 39 -1 0 0
314 39 -1 0 0
317 38 -1 0 0
