567 400 400
299 360 -1 0 0
302 359 -1 0 0
301 359 -1 0 0
300 359 -1 0 0
299 359 -1 0 0
298 359 -1 0 0
297 359 -1 0 0
296 359 -1 0 0
303 358 -1 0 0
302 358 -1 0 0
301 358 -1 0 0
300 358 -1 0 0
299 358 -1 0 0
298 358 -1 0 0
297 358 -1 0 0
296 358 -1 0 0
295 358 -1 0 0
303 357 -1 0 0
302 357 -1 0 0
301 357 -1 0 0
300 357 -1 0 0
299 357 -1 0 0
298 357 -1 0 0
297 357 -1 0 0
296 357 -1 0 0
295 357 -1 0 0
303 356 -1 0 0
302 356 -1 0 0
301 356 -1 0 0
300 356 -1 0 0
299 356 -1 0 0
298 356 -1 0 0
297 356 -1 0 0
296 356 -1 0 0
295 356 -1 0 0
304 355 -1 0 0
303 355 -1 0 0
302 355 -1 0 0
301 355 -1 0 0
300 355 -1 0 0
299 355 -1 0 0
298 355 -1 0 0
297 355 -1 0 0
296 355 -1 0 0
295 355 -1 0 0
294 355 -1 0 0
303 354 -1 0 0
302 354 -1 0 0
301 354 -1 0 0
300 354 -1 0 0
299 354 -1 0 0
298 354 -1 0 0
297 354 -1 0 0
296 354 -1 0 0
295 354 -1 0 0
303 353 -1 0 0
302 353 -1 0 0
301 353 -1 0 0
300 353 -1 0 0
299 353 -1 0 0
298 353 -1 0 0
297 353 -1 0 0
296 353 -1 0 0
295 353 -1 0 0
303 352 -1 0 0
302 352 -1 0 0
301 352 -1 0 0
300 352 -1 0 0
299 352 -1 0 0
298 352 -1 0 0
297 352 -1 0 0
296 352 -1 0 0
295 352 -1 0 0
302 351 -1 0 0
301 351 -1 0 0
300 351 -1 0 0
299 351 -1 0 0
298 351 -1 0 0
297 351 -1 0 0
296 351 -1 0 0
299 350 -1 0 0
289 318 -1 1 0
292 317 -1 1 0
291 317 -1 1 0
290 317 -1 1 0
289 317 -1 1 0
288 317 -1 1 0
287 317 -1 1 0
286 317 -1 1 0
293 316 -1 1 0
292 316 -1 1 0
291 316 -1 1 0
290 316 -1 1 0
289 316 -1 1 0
288 316 -1 1 0
287 316 -1 1 0
286 316 -1 1 0
285 316 -1 1 0
293 315 -1 1 0
292 315 -1 1 0
291 315 -1 1 0
290 315 -1 1 0
289 315 -1 1 0
288 315 -1 1 0
287 315 -1 1 0
286 315 -1 1 0
285 315 -1 1 0
210 315 -1 0 0
293 314 -1 1 0
292 314 -1 1 0
291 314 -1 1 0
290 314 -1 1 0
289 314 -1 1 0
288 314 -1 1 0
287 314 -1 1 0
286 314 -1 1 0
285 314 -1 1 0
213 314 -1 0 0
212 314 -1 0 0
211 314 -1 0 0
210 314 -1 0 0
209 314 -1 0 0
208 314 -1 0 0
207 314 -1 0 0
294 313 -1 1 0
293 313 -1 1 0
292 313 -1 1 0
291 313 -1 1 0
290 313 -1 1 0
289 313 -1 1 0
288 313 -1 1 0
287 313 -1 1 0
286 313 -1 1 0
285 313 -1 1 0
284 313 -1 1 0
214 313 -1 0 0
213 313 -1 0 0
212 313 -1 0 0
211 313 -1 0 0
210 313 -1 0 0
209 313 -1 0 0
208 313 -1 0 0
207 313 -1 0 0
206 313 -1 0 0
293 312 -1 1 0
292 312 -1 1 0
291 312 -1 1 0
290 312 -1 1 0
289 312 -1 1 0
288 312 -1 1 0
287 312 -1 1 0
286 312 -1 1 0
285 312 -1 1 0
214 312 -1 0 0
213 312 -1 0 0
212 312 -1 0 0
211 312 -1 0 0
210 312 -1 0 0
209 312 -1 0 0
208 312 -1 0 0
207 312 -1 0 0
206 312 -1 0 0
312 311 -1 1 0
293 311 -1 1 0
292 311 -1 1 0
291 311 -1 1 0
290 311 -1 1 0
289 311 -1 1 0
288 311 -1 1 0
287 311 -1 1 0
286 311 -1 1 0
285 311 -1 1 0
214 311 -1 0 0
213 311 -1 0 0
212 311 -1 0 0
211 311 -1 0 0
210 311 -1 0 0
209 311 -1 0 0
208 311 -1 0 0
207 311 -1 0 0
206 311 -1 0 0
315 310 -1 1 0
314 310 -1 1 0
313 310 -1 1 0
312 310 -1 1 0
311 310 -1 1 0
310 310 -1 1 0
309 310 -1 1 0
293 310 -1 1 0
292 310 -1 1 0
291 310 -1 1 0
290 310 -1 1 0
289 310 -1 1 0
288 310 -1 1 0
287 310 -1 1 0
286 310 -1 1 0
285 310 -1 1 0
215 310 -1 0 0
214 310 -1 0 0
213 310 -1 0 0
212 310 -1 0 0
211 310 -1 0 0
210 310 -1 0 0
209 310 -1 0 0
208 310 -1 0 0
207 310 -1 0 0
206 310 -1 0 0
205 310 -1 0 0
316 309 -1 1 0
315 309 -1 1 0
314 309 -1 1 0
313 309 -1 1 0
312 309 -1 1 0
311 309 -1 1 0
310 309 -1 1 0
309 309 -1 1 0
308 309 -1 1 0
292 309 -1 1 0
291 309 -1 1 0
290 309 -1 1 0
289 309 -1 1 0
288 309 -1 1 0
287 309 -1 1 0
286 309 -1 1 0
214 309 -1 0 0
213 309 -1 0 0
212 309 -1 0 0
211 309 -1 0 0
210 309 -1 0 0
209 309 -1 0 0
208 309 -1 0 0
207 309 -1 0 0
206 309 -1 0 0
316 308 -1 1 0
315 308 -1 1 0
314 308 -1 1 0
313 308 -1 1 0
312 308 -1 1 0
311 308 -1 1 0
310 308 -1 1 0
309 308 -1 1 0
308 308 -1 1 0
289 308 -1 1 0
214 308 -1 0 0
213 308 -1 0 0
212 308 -1 0 0
211 308 -1 0 0
210 308 -1 0 0
209 308 -1 0 0
208 308 -1 0 0
207 308 -1 0 0
206 308 -1 0 0
316 307 -1 1 0
315 307 -1 1 0
314 307 -1 1 0
313 307 -1 1 0
312 307 -1 1 0
311 307 -1 1 0
310 307 -1 1 0
309 307 -1 1 0
308 307 -1 1 0
214 307 -1 0 0
213 307 -1 0 0
212 307 -1 0 0
211 307 -1 0 0
210 307 -1 0 0
209 307 -1 0 0
208 307 -1 0 0
207 307 -1 0 0
206 307 -1 0 0
317 306 -1 1 0
316 306 -1 1 0
315 306 -1 1 0
314 306 -1 1 0
313 306 -1 1 0
312 306 -1 1 0
311 306 -1 1 0
310 306 -1 1 0
309 306 -1 1 0
308 306 -1 1 0
307 306 -1 1 0
213 306 -1 0 0
212 306 -1 0 0
211 306 -1 0 0
210 306 -1 0 0
209 306 -1 0 0
208 306 -1 0 0
207 306 -1 0 0
316 305 -1 1 0
315 305 -1 1 0
314 305 -1 1 0
313 305 -1 1 0
312 305 -1 1 0
311 305 -1 1 0
310 305 -1 1 0
309 305 -1 1 0
308 305 -1 1 0
210 305 -1 0 0
316 304 -1 1 0
315 304 -1 1 0
314 304 -1 1 0
313 304 -1 1 0
312 304 -1 1 0
311 304 -1 1 0
310 304 -1 1 0
309 304 -1 1 0
308 304 -1 1 0
333 303 -1 1 0
316 303 -1 1 0
315 303 -1 1 0
314 303 -1 1 0
313 303 -1 1 0
312 303 -1 1 0
311 303 -1 1 0
310 303 -1 1 0
309 303 -1 1 0
308 303 -1 1 0
336 302 -1 1 0
335 302 -1 1 0
334 302 -1 1 0
333 302 -1 1 0
332 302 -1 1 0
331 302 -1 1 0
330 302 -1 1 0
315 302 -1 1 0
314 302 -1 1 0
313 302 -1 1 0
312 302 -1 1 0
311 302 -1 1 0
310 302 -1 1 0
309 302 -1 1 0
337 301 -1 1 0
336 301 -1 1 0
335 301 -1 1 0
334 301 -1 1 0
333 301 -1 1 0
332 301 -1 1 0
331 301 -1 1 0
330 301 -1 1 0
329 301 -1 1 0
312 301 -1 1 0
337 300 -1 1 0
336 300 -1 1 0
335 300 -1 1 0
334 300 -1 1 0
333 300 -1 1 0
332 300 -1 1 0
331 300 -1 1 0
330 300 -1 1 0
329 300 -1 1 0
337 299 -1 1 0
336 299 -1 1 0
335 299 -1 1 0
334 299 -1 1 0
333 299 -1 1 0
332 299 -1 1 0
331 299 -1 1 0
330 299 -1 1 0
329 299 -1 1 0
338 298 -1 1 0
337 298 -1 1 0
336 298 -1 1 0
335 298 -1 1 0
334 298 -1 1 0
333 298 -1 1 0
332 298 -1 1 0
331 298 -1 1 0
330 298 -1 1 0
329 298 -1 1 0
328 298 -1 1 0
337 297 -1 1 0
336 297 -1 1 0
335 297 -1 1 0
334 297 -1 1 0
333 297 -1 1 0
332 297 -1 1 0
331 297 -1 1 0
330 297 -1 1 0
329 297 -1 1 0
337 296 -1 1 0
336 296 -1 1 0
335 296 -1 1 0
334 296 -1 1 0
333 296 -1 1 0
332 296 -1 1 0
331 296 -1 1 0
330 296 -1 1 0
329 296 -1 1 0
337 295 -1 1 0
336 295 -1 1 0
335 295 -1 1 0
334 295 -1 1 0
333 295 -1 1 0
332 295 -1 1 0
331 295 -1 1 0
330 295 -1 1 0
329 295 -1 1 0
336 294 -1 1 0
335 294 -1 1 0
334 294 -1 1 0
333 294 -1 1 0
332 294 -1 1 0
331 294 -1 1 0
330 294 -1 1 0
333 293 -1 1 0
312 268 -1 0 0
315 267 -1 0 0
314 267 -1 0 0
313 267 -1 0 0
312 267 -1 0 0
311 267 -1 0 0
310 267 -1 0 0
309 267 -1 0 0
316 266 -1 0 0
315 266 -1 0 0
314 266 -1 0 0
313 266 -1 0 0
312 266 -1 0 0
311 266 -1 0 0
310 266 -1 0 0
309 266 -1 0 0
308 266 -1 0 0
316 265 -1 0 0
315 265 -1 0 0
314 265 -1 0 0
313 265 -1 0 0
312 265 -1 0 0
311 265 -1 0 0
310 265 -1 0 0
309 265 -1 0 0
308 265 -1 0 0
316 264 -1 0 0
315 264 -1 0 0
314 264 -1 0 0
313 264 -1 0 0
312 264 -1 0 0
311 264 -1 0 0
310 264 -1 0 0
309 264 -1 0 0
308 264 -1 0 0
317 263 -1 0 0
316 263 -1 0 0
315 263 -1 0 0
314 263 -1 0 0
313 263 -1 0 0
312 263 -1 0 0
311 263 -1 0 0
310 263 -1 0 0
309 263 -1 0 0
308 263 -1 0 0
307 263 -1 0 0
316 262 -1 0 0
315 262 -1 0 0
314 262 -1 0 0
313 262 -1 0 0
312 262 -1 0 0
311 262 -1 0 0
310 262 -1 0 0
309 262 -1 0 0
308 262 -1 0 0
316 261 -1 0 0
315 261 -1 0 0
314 261 -1 0 0
313 261 -1 0 0
312 261 -1 0 0
311 261 -1 0 0
310 261 -1 0 0
309 261 -1 0 0
308 261 -1 0 0
316 260 -1 0 0
315 260 -1 0 0
314 260 -1 0 0
313 260 -1 0 0
312 260 -1 0 0
311 260 -1 0 0
310 260 -1 0 0
309 260 -1 0 0
308 260 -1 0 0
315 259 -1 0 0
314 259 -1 0 0
313 259 -1 0 0
312 259 -1 0 0
311 259 -1 0 0
310 259 -1 0 0
309 259 -1 0 0
312 258 -1 0 0
131 165 -1 0 0
134 164 -1 0 0
133 164 -1 0 0
132 164 -1 0 0
131 164 -1 0 0
130 164 -1 0 0
129 164 -1 0 0
128 164 -1 0 0
135 163 -1 0 0
134 163 -1 0 0
133 163 -1 0 0
132 163 -1 0 0
131 163 -1 0 0
130 163 -1 0 0
129 163 -1 0 0
128 163 -1 0 0
127 163 -1 0 0
135 162 -1 0 0
134 162 -1 0 0
133 162 -1 0 0
132 162 -1 0 0
131 162 -1 0 0
130 162 -1 0 0
129 162 -1 0 0
128 162 -1 0 0
127 162 -1 0 0
135 161 -1 0 0
134 161 -1 0 0
133 161 -1 0 0
132 161 -1 0 0
131 161 -1 0 0
130 161 -1 0 0
129 161 -1 0 0
128 161 -1 0 0
127 161 -1 0 0
136 160 -1 0 0
135 160 -1 0 0
134 160 -1 0 0
133 160 -1 0 0
132 160 -1 0 0
131 160 -1 0 0
130 160 -1 0 0
129 160 -1 0 0
128 160 -1 0 0
127 160 -1 0 0
126 160 -1 0 0
135 159 -1 0 0
134 159 -1 0 0
133 159 -1 0 0
132 159 -1 0 0
131 159 -1 0 0
130 159 -1 0 0
129 159 -1 0 0
128 159 -1 0 0
127 159 -1 0 0
135 158 -1 0 0
134 158 -1 0 0
133 158 -1 0 0
132 158 -1 0 0
131 158 -1 0 0
130 158 -1 0 0
129 158 -1 0 0
128 158 -1 0 0
127 158 -1 0 0
135 157 -1 0 0
134 157 -1 0 0
133 157 -1 0 0
132 157 -1 0 0
131 157 -1 0 0
130 157 -1 0 0
129 157 -1 0 0
128 157 -1 0 0
127 157 -1 0 0
134 156 -1 0 0
133 156 -1 0 0
132 156 -1 0 0
131 156 -1 0 0
130 156 -1 0 0
129 156 -1 0 0
128 156 -1 0 0
131 155 -1 0 0
