648 400 400
316 376 -1 0 0
319 375 -1 0 0
318 375 -1 0 0
317 375 -1 0 0
316 375 -1 0 0
315 375 -1 0 0
314 375 -1 0 0
313 375 -1 0 0
320 374 -1 0 0
319 374 -1 0 0
318 374 -1 0 0
317 374 -1 0 0
316 374 -1 0 0
315 374 -1 0 0
314 374 -1 0 0
313 374 -1 0 0
312 374 -1 0 0
320 373 -1 0 0
319 373 -1 0 0
318 373 -1 0 0
317 373 -1 0 0
316 373 -1 0 0
315 373 -1 0 0
314 373 -1 0 0
313 373 -1 0 0
312 373 -1 0 0
320 372 -1 0 0
319 372 -1 0 0
318 372 -1 0 0
317 372 -1 0 0
316 372 -1 0 0
315 372 -1 0 0
314 372 -1 0 0
313 372 -1 0 0
312 372 -1 0 0
321 371 -1 0 0
320 371 -1 0 0
319 371 -1 0 0
318 371 -1 0 0
317 371 -1 0 0
316 371 -1 0 0
315 371 -1 0 0
314 371 -1 0 0
313 371 -1 0 0
312 371 -1 0 0
311 371 -1 0 0
320 370 -1 0 0
319 370 -1 0 0
318 370 -1 0 0
317 370 -1 0 0
316 370 -1 0 0
315 370 -1 0 0
314 370 -1 0 0
313 370 -1 0 0
312 370 -1 0 0
320 369 -1 0 0
319 369 -1 0 0
318 369 -1 0 0
317 369 -1 0 0
316 369 -1 0 0
315 369 -1 0 0
314 369 -1 0 0
313 369 -1 0 0
312 369 -1 0 0
320 368 -1 0 0
319 368 -1 0 0
318 368 -1 0 0
317 368 -1 0 0
316 368 -1 0 0
315 368 -1 0 0
314 368 -1 0 0
313 368 -1 0 0
312 368 -1 0 0
319 367 -1 0 0
318 367 -1 0 0
317 367 -1 0 0
316 367 -1 0 0
315 367 -1 0 0
314 367 -1 0 0
313 367 -1 0 0
316 366 -1 0 0
51 366 -1 0 0
54 365 -1 0 0
53 365 -1 0 0
52 365 -1 0 0
51 365 -1 0 0
50 365 -1 0 0
49 365 -1 0 0
48 365 -1 0 0
55 364 -1 0 0
54 364 -1 0 0
53 364 -1 0 0
52 364 -1 0 0
51 364 -1 0 0
50 364 -1 0 0
49 364 -1 0 0
48 364 -1 0 0
47 364 -1 0 0
55 363 -1 0 0
54 363 -1 0 0
53 363 -1 0 0
52 363 -1 0 0
51 363 -1 0 0
50 363 -1 0 0
49 363 -1 0 0
48 363 -1 0 0
47 363 -1 0 0
55 362 -1 0 0
54 362 -1 0 0
53 362 -1 0 0
52 362 -1 0 0
51 362 -1 0 0
50 362 -1 0 0
49 362 -1 0 0
48 362 -1 0 0
47 362 -1 0 0
56 361 -1 0 0
55 361 -1 0 0
54 361 -1 0 0
53 361 -1 0 0
52 361 -1 0 0
51 361 -1 0 0
50 361 -1 0 0
49 361 -1 0 0
48 361 -1 0 0
47 361 -1 0 0
46 361 -1 0 0
55 360 -1 0 0
54 360 -1 0 0
53 360 -1 0 0
52 360 -1 0 0
51 360 -1 0 0
50 360 -1 0 0
49 360 -1 0 0
48 360 -1 0 0
47 360 -1 0 0
55 359 -1 0 0
54 359 -1 0 0
53 359 -1 0 0
52 359 -1 0 0
51 359 -1 0 0
50 359 -1 0 0
49 359 -1 0 0
48 359 -1 0 0
47 359 -1 0 0
55 358 -1 0 0
54 358 -1 0 0
53 358 -1 0 0
52 358 -1 0 0
51 358 -1 0 0
50 358 -1 0 0
49 358 -1 0 0
48 358 -1 0 0
47 358 -1 0 0
54 357 -1 0 0
53 357 -1 0 0
52 357 -1 0 0
51 357 -1 0 0
50 357 -1 0 0
49 357 -1 0 0
48 357 -1 0 0
51 356 -1 0 0
279 311 -1 1 0
282 310 -1 1 0
281 310 -1 1 0
280 310 -1 1 0
279 310 -1 1 0
278 310 -1 1 0
277 310 -1 1 0
276 310 -1 1 0
283 309 -1 1 0
282 309 -1 1 0
281 309 -1 1 0
280 309 -1 1 0
279 309 -1 1 0
278 309 -1 1 0
277 309 -1 1 0
276 309 -1 1 0
275 309 -1 1 0
283 308 -1 1 0
282 308 -1 1 0
281 308 -1 1 0
280 308 -1 1 0
279 308 -1 1 0
278 308 -1 1 0
277 308 -1 1 0
276 308 -1 1 0
275 308 -1 1 0
283 307 -1 1 0
282 307 -1 1 0
281 307 -1 1 0
280 307 -1 1 0
279 307 -1 1 0
278 307 -1 1 0
277 307 -1 1 0
276 307 -1 1 0
275 307 -1 1 0
284 306 -1 1 0
283 306 -1 1 0
282 306 -1 1 0
281 306 -1 1 0
280 306 -1 1 0
279 306 -1 1 0
278 306 -1 1 0
277 306 -1 1 0
276 306 -1 1 0
275 306 -1 1 0
274 306 -1 1 0
283 305 -1 1 0
282 305 -1 1 0
281 305 -1 1 0
280 305 -1 1 0
279 305 -1 1 0
278 305 -1 1 0
277 305 -1 1 0
276 305 -1 1 0
275 305 -1 1 0
283 304 -1 1 0
282 304 -1 1 0
281 304 -1 1 0
280 304 -1 1 0
279 304 -1 1 0
278 304 -1 1 0
277 304 -1 1 0
276 304 -1 1 0
275 304 -1 1 0
283 303 -1 1 0
282 303 -1 1 0
281 303 -1 1 0
280 303 -1 1 0
279 303 -1 1 0
278 303 -1 1 0
277 303 -1 1 0
276 303 -1 1 0
275 303 -1 1 0
282 302 -1 1 0
281 302 -1 1 0
280 302 -1 1 0
279 302 -1 1 0
278 302 -1 1 0
277 302 -1 1 0
276 302 -1 1 0
279 301 -1 1 0
272 290 -1 1 0
275 289 -1 1 0
274 289 -1 1 0
273 289 -1 1 0
272 289 -1 1 0
271 289 -1 1 0
270 289 -1 1 0
269 289 -1 1 0
276 288 -1 1 0
275 288 -1 1 0
274 288 -1 1 0
273 288 -1 1 0
272 288 -1 1 0
271 288 -1 1 0
270 288 -1 1 0
269 288 -1 1 0
268 288 -1 1 0
276 287 -1 1 0
275 287 -1 1 0
274 287 -1 1 0
273 287 -1 1 0
272 287 -1 1 0
271 287 -1 1 0
270 287 -1 1 0
269 287 -1 1 0
268 287 -1 1 0
276 286 -1 1 0
275 286 -1 1 0
274 286 -1 1 0
273 286 -1 1 0
272 286 -1 1 0
271 286 -1 1 0
270 286 -1 1 0
269 286 -1 1 0
268 286 -1 1 0
277 285 -1 1 0
276 285 -1 1 0
275 285 -1 1 0
274 285 -1 1 0
273 285 -1 1 0
272 285 -1 1 0
271 285 -1 1 0
270 285 -1 1 0
269 285 -1 1 0
268 285 -1 1 0
267 285 -1 1 0
276 284 -1 1 0
275 284 -1 1 0
274 284 -1 1 0
273 284 -1 1 0
272 284 -1 1 0
271 284 -1 1 0
270 284 -1 1 0
269 284 -1 1 0
268 284 -1 1 0
185 284 -1 0 0
276 283 -1 1 0
275 283 -1 1 0
274 283 -1 1 0
273 283 -1 1 0
272 283 -1 1 0
271 283 -1 1 0
270 283 -1 1 0
269 283 -1 1 0
268 283 -1 1 0
188 283 -1 0 0
187 283 -1 0 0
186 283 -1 0 0
185 283 -1 0 0
184 283 -1 0 0
183 283 -1 0 0
182 283 -1 0 0
276 282 -1 1 0
275 282 -1 1 0
274 282 -1 1 0
273 282 -1 1 0
272 282 -1 1 0
271 282 -1 1 0
270 282 -1 1 0
269 282 -1 1 0
268 282 -1 1 0
189 282 -1 0 0
188 282 -1 0 0
187 282 -1 0 0
186 282 -1 0 0
185 282 -1 0 0
184 282 -1 0 0
183 282 -1 0 0
182 282 -1 0 0
181 282 -1 0 0
275 281 -1 1 0
274 281 -1 1 0
273 281 -1 1 0
272 281 -1 1 0
271 281 -1 1 0
270 281 -1 1 0
269 281 -1 1 0
189 281 -1 0 0
188 281 -1 0 0
187 281 -1 0 0
186 281 -1 0 0
185 281 -1 0 0
184 281 -1 0 0
183 281 -1 0 0
182 281 -1 0 0
181 281 -1 0 0
272 280 -1 1 0
189 280 -1 0 0
188 280 -1 0 0
187 280 -1 0 0
186 280 -1 0 0
185 280 -1 0 0
184 280 -1 0 0
183 280 -1 0 0
182 280 -1 0 0
181 280 -1 0 0
190 279 -1 0 0
189 279 -1 0 0
188 279 -1 0 0
187 279 -1 0 0
186 279 -1 0 0
185 279 -1 0 0
184 279 -1 0 0
183 279 -1 0 0
182 279 -1 0 0
181 279 -1 0 0
180 279 -1 0 0
256 278 -1 1 0
189 278 -1 0 0
188 278 -1 0 0
187 278 -1 0 0
186 278 -1 0 0
185 278 -1 0 0
184 278 -1 0 0
183 278 -1 0 0
182 278 -1 0 0
181 278 -1 0 0
259 277 -1 1 0
258 277 -1 1 0
257 277 -1 1 0
256 277 -1 1 0
255 277 -1 1 0
254 277 -1 1 0
253 277 -1 1 0
189 277 -1 0 0
188 277 -1 0 0
187 277 -1 0 0
186 277 -1 0 0
185 277 -1 0 0
184 277 -1 0 0
183 277 -1 0 0
182 277 -1 0 0
181 277 -1 0 0
260 276 -1 1 0
259 276 -1 1 0
258 276 -1 1 0
257 276 -1 1 0
256 276 -1 1 0
255 276 -1 1 0
254 276 -1 1 0
253 276 -1 1 0
252 276 -1 1 0
189 276 -1 0 0
188 276 -1 0 0
187 276 -1 0 0
186 276 -1 0 0
185 276 -1 0 0
184 276 -1 0 0
183 276 -1 0 0
182 276 -1 0 0
181 276 -1 0 0
260 275 -1 1 0
259 275 -1 1 0
258 275 -1 1 0
257 275 -1 1 0
256 275 -1 1 0
255 275 -1 1 0
254 275 -1 1 0
253 275 -1 1 0
252 275 -1 1 0
188 275 -1 0 0
187 275 -1 0 0
186 275 -1 0 0
185 275 -1 0 0
184 275 -1 0 0
183 275 -1 0 0
182 275 -1 0 0
260 274 -1 1 0
259 274 -1 1 0
258 274 -1 1 0
257 274 -1 1 0
256 274 -1 1 0
255 274 -1 1 0
254 274 -1 1 0
253 274 -1 1 0
252 274 -1 1 0
185 274 -1 0 0
261 273 -1 1 0
260 273 -1 1 0
259 273 -1 1 0
258 273 -1 1 0
257 273 -1 1 0
256 273 -1 1 0
255 273 -1 1 0
254 273 -1 1 0
253 273 -1 1 0
252 273 -1 1 0
251 273 -1 1 0
271 272 -1 1 0
260 272 -1 1 0
259 272 -1 1 0
258 272 -1 1 0
257 272 -1 1 0
256 272 -1 1 0
255 272 -1 1 0
254 272 -1 1 0
253 272 -1 1 0
252 272 -1 1 0
274 271 -1 1 0
273 271 -1 1 0
272 271 -1 1 0
271 271 -1 1 0
270 271 -1 1 0
269 271 -1 1 0
268 271 -1 1 0
260 271 -1 1 0
259 271 -1 1 0
258 271 -1 1 0
257 271 -1 1 0
256 271 -1 1 0
255 271 -1 1 0
254 271 -1 1 0
253 271 -1 1 0
252 271 -1 1 0
275 270 -1 1 0
274 270 -1 1 0
273 270 -1 1 0
272 270 -1 1 0
271 270 -1 1 0
270 270 -1 1 0
269 270 -1 1 0
268 270 -1 1 0
267 270 -1 1 0
260 270 -1 1 0
259 270 -1 1 0
258 270 -1 1 0
257 270 -1 1 0
256 270 -1 1 0
255 270 -1 1 0
254 270 -1 1 0
253 270 -1 1 0
252 270 -1 1 0
275 269 -1 1 0
274 269 -1 1 0
273 269 -1 1 0
272 269 -1 1 0
271 269 -1 1 0
270 269 -1 1 0
269 269 -1 1 0
268 269 -1 1 0
267 269 -1 1 0
259 269 -1 1 0
258 269 -1 1 0
257 269 -1 1 0
256 269 -1 1 0
255 269 -1 1 0
254 269 -1 1 0
253 269 -1 1 0
275 268 -1 1 0
274 268 -1 1 0
273 268 -1 1 0
272 268 -1 1 0
271 268 -1 1 0
270 268 -1 1 0
269 268 -1 1 0
268 268 -1 1 0
267 268 -1 1 0
256 268 -1 1 0
276 267 -1 1 0
275 267 -1 1 0
274 267 -1 1 0
273 267 -1 1 0
272 267 -1 1 0
271 267 -1 1 0
270 267 -1 1 0
269 267 -1 1 0
268 267 -1 1 0
267 267 -1 1 0
266 267 -1 1 0
275 266 -1 1 0
274 266 -1 1 0
273 266 -1 1 0
272 266 -1 1 0
271 266 -1 1 0
270 266 -1 1 0
269 266 -1 1 0
268 266 -1 1 0
267 266 -1 1 0
275 265 -1 1 0
274 265 -1 1 0
273 265 -1 1 0
272 265 -1 1 0
271 265 -1 1 0
270 265 -1 1 0
269 265 -1 1 0
268 265 -1 1 0
267 265 -1 1 0
275 264 -1 1 0
274 264 -1 1 0
273 264 -1 1 0
272 264 -1 1 0
271 264 -1 1 0
270 264 -1 1 0
269 264 -1 1 0
268 264 -1 1 0
267 264 -1 1 0
274 263 -1 1 0
273 263 -1 1 0
272 263 -1 1 0
271 263 -1 1 0
270 263 -1 1 0
269 263 -1 1 0
268 263 -1 1 0
271 262 -1 1 0
327 121 -1 0 0
330 120 -1 0 0
329 120 -1 0 0
328 120 -1 0 0
327 120 -1 0 0
326 120 -1 0 0
325 120 -1 0 0
324 120 -1 0 0
331 119 -1 0 0
330 119 -1 0 0
329 119 -1 0 0
328 119 -1 0 0
327 119 -1 0 0
326 119 -1 0 0
325 119 -1 0 0
324 119 -1 0 0
323 119 -1 0 0
331 118 -1 0 0
330 118 -1 0 0
329 118 -1 0 0
328 118 -1 0 0
327 118 -1 0 0
326 118 -1 0 0
325 118 -1 0 0
324 118 -1 0 0
323 118 -1 0 0
331 117 -1 0 0
330 117 -1 0 0
329 117 -1 0 0
328 117 -1 0 0
327 117 -1 0 0
326 117 -1 0 0
325 117 -1 0 0
324 117 -1 0 0
323 117 -1 0 0
332 116 -1 0 0
331 116 -1 0 0
330 116 -1 0 0
329 116 -1 0 0
328 116 -1 0 0
327 116 -1 0 0
326 116 -1 0 0
325 116 -1 0 0
324 116 -1 0 0
323 116 -1 0 0
322 116 -1 0 0
331 115 -1 0 0
330 115 -1 0 0
329 115 -1 0 0
328 115 -1 0 0
327 115 -1 0 0
326 115 -1 0 0
325 115 -1 0 0
324 115 -1 0 0
323 115 -1 0 0
331 114 -1 0 0
330 114 -1 0 0
329 114 -1 0 0
328 114 -1 0 0
327 114 -1 0 0
326 114 -1 0 0
325 114 -1 0 0
324 114 -1 0 0
323 114 -1 0 0
331 113 -1 0 0
330 113 -1 0 0
329 113 -1 0 0
328 113 -1 0 0
327 113 -1 0 0
326 113 -1 0 0
325 113 -1 0 0
324 113 -1 0 0
323 113 -1 0 0
330 112 -1 0 0
329 112 -1 0 0
328 112 -1 0 0
327 112 -1 0 0
326 112 -1 0 0
325 112 -1 0 0
324 112 -1 0 0
327 111 -1 0 0
