751 400 400
159 294 -1 0 0
162 293 -1 0 0
161 293 -1 0 0
160 293 -1 0 0
159 293 -1 0 0
158 293 -1 0 0
157 293 -1 0 0
156 293 -1 0 0
163 292 -1 0 0
162 292 -1 0 0
161 292 -1 0 0
160 292 -1 0 0
159 292 -1 0 0
158 292 -1 0 0
157 292 -1 0 0
156 292 -1 0 0
155 292 -1 0 0
163 291 -1 0 0
162 291 -1 0 0
161 291 -1 0 0
160 291 -1 0 0
159 291 -1 0 0
158 291 -1 0 0
157 291 -1 0 0
156 291 -1 0 0
155 291 -1 0 0
163 290 -1 0 0
162 290 -1 0 0
161 290 -1 0 0
160 290 -1 0 0
159 290 -1 0 0
158 290 -1 0 0
157 290 -1 0 0
156 290 -1 0 0
155 290 -1 0 0
164 289 -1 0 0
163 289 -1 0 0
162 289 -1 0 0
161 289 -1 0 0
160 289 -1 0 0
159 289 -1 0 0
158 289 -1 0 0
157 289 -1 0 0
156 289 -1 0 0
155 289 -1 0 0
154 289 -1 0 0
163 288 -1 0 0
162 288 -1 0 0
161 288 -1 0 0
160 288 -1 0 0
159 288 -1 0 0
158 288 -1 0 0
157 288 -1 0 0
156 288 -1 0 0
155 288 -1 0 0
163 287 -1 0 0
162 287 -1 0 0
161 287 -1 0 0
160 287 -1 0 0
159 287 -1 0 0
158 287 -1 0 0
157 287 -1 0 0
156 287 -1 0 0
155 287 -1 0 0
163 286 -1 0 0
162 286 -1 0 0
161 286 -1 0 0
160 286 -1 0 0
159 286 -1 0 0
158 286 -1 0 0
157 286 -1 0 0
156 286 -1 0 0
155 286 -1 0 0
162 285 -1 0 0
161 285 -1 0 0
160 285 -1 0 0
159 285 -1 0 0
158 285 -1 0 0
157 285 -1 0 0
156 285 -1 0 0
159 284 -1 0 0
208 247 -1 0 0
211 246 -1 0 0
210 246 -1 0 0
209 246 -1 0 0
208 246 -1 0 0
207 246 -1 0 0
206 246 -1 0 0
205 246 -1 0 0
212 245 -1 0 0
211 245 -1 0 0
210 245 -1 0 0
209 245 -1 0 0
208 245 -1 0 0
207 245 -1 0 0
206 245 -1 0 0
205 245 -1 0 0
204 245 -1 0 0
212 244 -1 0 0
211 244 -1 0 0
210 244 -1 0 0
209 244 -1 0 0
208 244 -1 0 0
207 244 -1 0 0
206 244 -1 0 0
205 244 -1 0 0
204 244 -1 0 0
212 243 -1 0 0
211 243 -1 0 0
210 243 -1 0 0
209 243 -1 0 0
208 243 -1 0 0
207 243 -1 0 0
206 243 -1 0 0
205 243 -1 0 0
204 243 -1 0 0
213 242 -1 0 0
212 242 -1 0 0
211 242 -1 0 0
210 242 -1 0 0
209 242 -1 0 0
208 242 -1 0 0
207 242 -1 0 0
206 242 -1 0 0
205 242 -1 0 0
204 242 -1 0 0
203 242 -1 0 0
212 241 -1 0 0
211 241 -1 0 0
210 241 -1 0 0
209 241 -1 0 0
208 241 -1 0 0
207 241 -1 0 0
206 241 -1 0 0
205 241 -1 0 0
204 241 -1 0 0
212 240 -1 0 0
211 240 -1 0 0
210 240 -1 0 0
209 240 -1 0 0
208 240 -1 0 0
207 240 -1 0 0
206 240 -1 0 0
205 240 -1 0 0
204 240 -1 0 0
212 239 -1 0 0
211 239 -1 0 0
210 239 -1 0 0
209 239 -1 0 0
208 239 -1 0 0
207 239 -1 0 0
206 239 -1 0 0
205 239 -1 0 0
204 239 -1 0 0
211 238 -1 0 0
210 238 -1 0 0
209 238 -1 0 0
208 238 -1 0 0
207 238 -1 0 0
206 238 -1 0 0
205 238 -1 0 0
208 237 -1 0 0
146 182 -1 1 0
149 181 -1 1 0
148 181 -1 1 0
147 181 -1 1 0
146 181 -1 1 0
145 181 -1 1 0
144 181 -1 1 0
143 181 -1 1 0
150 180 -1 1 0
149 180 -1 1 0
148 180 -1 1 0
147 180 -1 1 0
146 180 -1 1 0
145 180 -1 1 0
144 180 -1 1 0
143 180 -1 1 0
142 180 -1 1 0
150 179 -1 1 0
149 179 -1 1 0
148 179 -1 1 0
147 179 -1 1 0
146 179 -1 1 0
145 179 -1 1 0
144 179 -1 1 0
143 179 -1 1 0
142 179 -1 1 0
150 178 -1 1 0
149 178 -1 1 0
148 178 -1 1 0
147 178 -1 1 0
146 178 -1 1 0
145 178 -1 1 0
144 178 -1 1 0
143 178 -1 1 0
142 178 -1 1 0
151 177 -1 1 0
150 177 -1 1 0
149 177 -1 1 0
148 177 -1 1 0
147 177 -1 1 0
146 177 -1 1 0
145 177 -1 1 0
144 177 -1 1 0
143 177 -1 1 0
142 177 -1 1 0
141 177 -1 1 0
150 176 -1 1 0
149 176 -1 1 0
148 176 -1 1 0
147 176 -1 1 0
146 176 -1 1 0
145 176 -1 1 0
144 176 -1 1 0
143 176 -1 1 0
142 176 -1 1 0
150 175 -1 1 0
149 175 -1 1 0
148 175 -1 1 0
147 175 -1 1 0
146 175 -1 1 0
145 175 -1 1 0
144 175 -1 1 0
143 175 -1 1 0
142 175 -1 1 0
150 174 -1 1 0
149 174 -1 1 0
148 174 -1 1 0
147 174 -1 1 0
146 174 -1 1 0
145 174 -1 1 0
144 174 -1 1 0
143 174 -1 1 0
142 174 -1 1 0
149 173 -1 1 0
148 173 -1 1 0
147 173 -1 1 0
146 173 -1 1 0
145 173 -1 1 0
144 173 -1 1 0
143 173 -1 1 0
146 172 -1 1 0
159 169 -1 1 0
162 168 -1 1 0
161 168 -1 1 0
160 168 -1 1 0
159 168 -1 1 0
158 168 -1 1 0
157 168 -1 1 0
156 168 -1 1 0
163 167 -1 1 0
162 167 -1 1 0
161 167 -1 1 0
160 167 -1 1 0
159 167 -1 1 0
158 167 -1 1 0
157 167 -1 1 0
156 167 -1 1 0
155 167 -1 1 0
163 166 -1 1 0
162 166 -1 1 0
161 166 -1 1 0
160 166 -1 1 0
159 166 -1 1 0
158 166 -1 1 0
157 166 -1 1 0
156 166 -1 1 0
155 166 -1 1 0
163 165 -1 1 0
162 165 -1 1 0
161 165 -1 1 0
160 165 -1 1 0
159 165 -1 1 0
158 165 -1 1 0
157 165 -1 1 0
156 165 -1 1 0
155 165 -1 1 0
164 164 -1 1 0
163 164 -1 1 0
162 164 -1 1 0
161 164 -1 1 0
160 164 -1 1 0
159 164 -1 1 0
158 164 -1 1 0
157 164 -1 1 0
156 164 -1 1 0
155 164 -1 1 0
154 164 -1 1 0
163 163 -1 1 0
162 163 -1 1 0
161 163 -1 1 0
160 163 -1 1 0
159 163 -1 1 0
158 163 -1 1 0
157 163 -1 1 0
156 163 -1 1 0
155 163 -1 1 0
163 162 -1 1 0
162 162 -1 1 0
161 162 -1 1 0
160 162 -1 1 0
159 162 -1 1 0
158 162 -1 1 0
157 162 -1 1 0
156 162 -1 1 0
155 162 -1 1 0
163 161 -1 1 0
162 161 -1 1 0
161 161 -1 1 0
160 161 -1 1 0
159 161 -1 1 0
158 161 -1 1 0
157 161 -1 1 0
156 161 -1 1 0
155 161 -1 1 0
162 160 -1 1 0
161 160 -1 1 0
160 160 -1 1 0
159 160 -1 1 0
158 160 -1 1 0
157 160 -1 1 0
156 160 -1 1 0
176 159 -1 1 0
159 159 -1 1 0
126 159 -1 0 0
179 158 -1 1 0
178 158 -1 1 0
177 158 -1 1 0
176 158 -1 1 0
175 158 -1 1 0
174 158 -1 1 0
173 158 -1 1 0
129 158 -1 0 0
128 158 -1 0 0
127 158 -1 0 0
126 158 -1 0 0
125 158 -1 0 0
124 158 -1 0 0
123 158 -1 0 0
180 157 -1 1 0
179 157 -1 1 0
178 157 -1 1 0
177 157 -1 1 0
176 157 -1 1 0
175 157 -1 1 0
174 157 -1 1 0
173 157 -1 1 0
172 157 -1 1 0
130 157 -1 0 0
129 157 -1 0 0
128 157 -1 0 0
127 157 -1 0 0
126 157 -1 0 0
125 157 -1 0 0
124 157 -1 0 0
123 157 -1 0 0
122 157 -1 0 0
180 156 -1 1 0
179 156 -1 1 0
178 156 -1 1 0
177 156 -1 1 0
176 156 -1 1 0
175 156 -1 1 0
174 156 -1 1 0
173 156 -1 1 0
172 156 -1 1 0
130 156 -1 0 0
129 156 -1 0 0
128 156 -1 0 0
127 156 -1 0 0
126 156 -1 0 0
125 156 -1 0 0
124 156 -1 0 0
123 156 -1 0 0
122 156 -1 0 0
180 155 -1 1 0
179 155 -1 1 0
178 155 -1 1 0
177 155 -1 1 0
176 155 -1 1 0
175 155 -1 1 0
174 155 -1 1 0
173 155 -1 1 0
172 155 -1 1 0
130 155 -1 0 0
129 155 -1 0 0
128 155 -1 0 0
127 155 -1 0 0
126 155 -1 0 0
125 155 -1 0 0
124 155 -1 0 0
123 155 -1 0 0
122 155 -1 0 0
181 154 -1 1 0
180 154 -1 1 0
179 154 -1 1 0
178 154 -1 1 0
177 154 -1 1 0
176 154 -1 1 0
175 154 -1 1 0
174 154 -1 1 0
173 154 -1 1 0
172 154 -1 1 0
171 154 -1 1 0
131 154 -1 0 0
130 154 -1 0 0
129 154 -1 0 0
128 154 -1 0 0
127 154 -1 0 0
126 154 -1 0 0
125 154 -1 0 0
124 154 -1 0 0
123 154 -1 0 0
122 154 -1 0 0
121 154 -1 0 0
180 153 -1 1 0
179 153 -1 1 0
178 153 -1 1 0
177 153 -1 1 0
176 153 -1 1 0
175 153 -1 1 0
174 153 -1 1 0
173 153 -1 1 0
172 153 -1 1 0
130 153 -1 0 0
129 153 -1 0 0
128 153 -1 0 0
127 153 -1 0 0
126 153 -1 0 0
125 153 -1 0 0
124 153 -1 0 0
123 153 -1 0 0
122 153 -1 0 0
180 152 -1 1 0
179 152 -1 1 0
178 152 -1 1 0
177 152 -1 1 0
176 152 -1 1 0
175 152 -1 1 0
174 152 -1 1 0
173 152 -1 1 0
172 152 -1 1 0
130 152 -1 0 0
129 152 -1 0 0
128 152 -1 0 0
127 152 -1 0 0
126 152 -1 0 0
125 152 -1 0 0
124 152 -1 0 0
123 152 -1 0 0
122 152 -1 0 0
180 151 -1 1 0
179 151 -1 1 0
178 151 -1 1 0
177 151 -1 1 0
176 151 -1 1 0
175 151 -1 1 0
174 151 -1 1 0
173 151 -1 1 0
172 151 -1 1 0
130 151 -1 0 0
129 151 -1 0 0
128 151 -1 0 0
127 151 -1 0 0
126 151 -1 0 0
125 151 -1 0 0
124 151 -1 0 0
123 151 -1 0 0
122 151 -1 0 0
179 150 -1 1 0
178 150 -1 1 0
177 150 -1 1 0
176 150 -1 1 0
175 150 -1 1 0
174 150 -1 1 0
173 150 -1 1 0
129 150 -1 0 0
128 150 -1 0 0
127 150 -1 0 0
126 150 -1 0 0
125 150 -1 0 0
124 150 -1 0 0
123 150 -1 0 0
176 149 -1 1 0
126 149 -1 0 0
191 144 -1 1 0
194 143 -1 1 0
193 143 -1 1 0
192 143 -1 1 0
191 143 -1 1 0
190 143 -1 1 0
189 143 -1 1 0
188 143 -1 1 0
195 142 -1 1 0
194 142 -1 1 0
193 142 -1 1 0
192 142 -1 1 0
191 142 -1 1 0
190 142 -1 1 0
189 142 -1 1 0
188 142 -1 1 0
187 142 -1 1 0
195 141 -1 1 0
194 141 -1 1 0
193 141 -1 1 0
192 141 -1 1 0
191 141 -1 1 0
190 141 -1 1 0
189 141 -1 1 0
188 141 -1 1 0
187 141 -1 1 0
195 140 -1 1 0
194 140 -1 1 0
193 140 -1 1 0
192 140 -1 1 0
191 140 -1 1 0
190 140 -1 1 0
189 140 -1 1 0
188 140 -1 1 0
187 140 -1 1 0
196 139 -1 1 0
195 139 -1 1 0
194 139 -1 1 0
193 139 -1 1 0
192 139 -1 1 0
191 139 -1 1 0
190 139 -1 1 0
189 139 -1 1 0
188 139 -1 1 0
187 139 -1 1 0
186 139 -1 1 0
195 138 -1 1 0
194 138 -1 1 0
193 138 -1 1 0
192 138 -1 1 0
191 138 -1 1 0
190 138 -1 1 0
189 138 -1 1 0
188 138 -1 1 0
187 138 -1 1 0
195 137 -1 1 0
194 137 -1 1 0
193 137 -1 1 0
192 137 -1 1 0
191 137 -1 1 0
190 137 -1 1 0
189 137 -1 1 0
188 137 -1 1 0
187 137 -1 1 0
195 136 -1 1 0
194 136 -1 1 0
193 136 -1 1 0
192 136 -1 1 0
191 136 -1 1 0
190 136 -1 1 0
189 136 -1 1 0
188 136 -1 1 0
187 136 -1 1 0
194 135 -1 1 0
193 135 -1 1 0
192 135 -1 1 0
191 135 -1 1 0
190 135 -1 1 0
189 135 -1 1 0
188 135 -1 1 0
191 134 -1 1 0
155 122 -1 0 0
154 122 -1 0 0
158 121 -1 0 0
157 121 -1 0 0
156 121 -1 0 0
155 121 -1 0 0
154 121 -1 0 0
153 121 -1 0 0
152 121 -1 0 0
151 121 -1 0 0
159 120 -1 0 0
158 120 -1 0 0
157 120 -1 0 0
156 120 -1 0 0
155 120 -1 0 0
154 120 -1 0 0
153 120 -1 0 0
152 120 -1 0 0
151 120 -1 0 0
150 120 -1 0 0
159 119 -1 0 0
158 119 -1 0 0
157 119 -1 0 0
156 119 -1 0 0
155 119 -1 0 0
154 119 -1 0 0
153 119 -1 0 0
152 119 -1 0 0
151 119 -1 0 0
150 119 -1 0 0
159 118 -1 0 0
158 118 -1 0 0
157 118 -1 0 0
156 118 -1 0 0
155 118 -1 0 0
154 118 -1 0 0
153 118 -1 0 0
152 118 -1 0 0
151 118 -1 0 0
150 118 -1 0 0
160 117 -1 0 0
159 117 -1 0 0
158 117 -1 0 0
157 117 -1 0 0
156 117 -1 0 0
155 117 -1 0 0
154 117 -1 0 0
153 117 -1 0 0
152 117 -1 0 0
151 117 -1 0 0
150 117 -1 0 0
149 117 -1 0 0
159 116 -1 0 0
158 116 -1 0 0
157 116 -1 0 0
156 116 -1 0 0
155 116 -1 0 0
154 116 -1 0 0
153 116 -1 0 0
152 116 -1 0 0
151 116 -1 0 0
150 116 -1 0 0
159 115 -1 0 0
158 115 -1 0 0
157 115 -1 0 0
156 115 -1 0 0
155 115 -1 0 0
154 115 -1 0 0
153 115 -1 0 0
152 115 -1 0 0
151 115 -1 0 0
150 115 -1 0 0
159 114 -1 0 0
158 114 -1 0 0
157 114 -1 0 0
156 114 -1 0 0
155 114 -1 0 0
154 114 -1 0 0
153 114 -1 0 0
152 114 -1 0 0
151 114 -1 0 0
150 114 -1 0 0
158 113 -1 0 0
157 113 -1 0 0
156 113 -1 0 0
155 113 -1 0 0
154 113 -1 0 0
153 113 -1 0 0
152 113 -1 0 0
151 113 -1 0 0
155 112 -1 0 0
154 112 -1 0 0
137 72 -1 0 0
136 72 -1 0 0
140 71 -1 0 0
139 71 -1 0 0
138 71 -1 0 0
137 71 -1 0 0
136 71 -1 0 0
135 71 -1 0 0
134 71 -1 0 0
133 71 -1 0 0
141 70 -1 0 0
140 70 -1 0 0
139 70 -1 0 0
138 70 -1 0 0
137 70 -1 0 0
136 70 -1 0 0
135 70 -1 0 0
134 70 -1 0 0
133 70 -1 0 0
132 70 -1 0 0
141 69 -1 0 0
140 69 -1 0 0
139 69 -1 0 0
138 69 -1 0 0
137 69 -1 0 0
136 69 -1 0 0
135 69 -1 0 0
134 69 -1 0 0
133 69 -1 0 0
132 69 -1 0 0
141 68 -1 0 0
140 68 -1 0 0
139 68 -1 0 0
138 68 -1 0 0
137 68 -1 0 0
136 68 -1 0 0
135 68 -1 0 0
134 68 -1 0 0
133 68 -1 0 0
132 68 -1 0 0
142 67 -1 0 0
141 67 -1 0 0
140 67 -1 0 0
139 67 -1 0 0
138 67 -1 0 0
137 67 -1 0 0
136 67 -1 0 0
135 67 -1 0 0
134 67 -1 0 0
133 67 -1 0 0
132 67 -1 0 0
131 67 -1 0 0
141 66 -1 0 0
140 66 -1 0 0
139 66 -1 0 0
138 66 -1 0 0
137 66 -1 0 0
136 66 -1 0 0
135 66 -1 0 0
134 66 -1 0 0
133 66 -1 0 0
132 66 -1 0 0
141 65 -1 0 0
140 65 -1 0 0
139 65 -1 0 0
138 65 -1 0 0
137 65 -1 0 0
136 65 -1 0 0
135 65 -1 0 0
134 65 -1 0 0
133 65 -1 0 0
132 65 -1 0 0
141 64 -1 0 0
140 64 -1 0 0
139 64 -1 0 0
138 64 -1 0 0
137 64 -1 0 0
136 64 -1 0 0
135 64 -1 0 0
134 64 -1 0 0
133 64 -1 0 0
132 64 -1 0 0
140 63 -1 0 0
139 63 -1 0 0
138 63 -1 0 0
137 63 -1 0 0
136 63 -1 0 0
135 63 -1 0 0
134 63 -1 0 0
133 63 -1 0 0
137 62 -1 0 0
136 62 -1 0 0
