810 400 400
149 188 -1 0 0
152 187 -1 0 0
151 187 -1 0 0
150 187 -1 0 0
149 187 -1 0 0
148 187 -1 0 0
147 187 -1 0 0
146 187 -1 0 0
153 186 -1 0 0
152 186 -1 0 0
151 186 -1 0 0
150 186 -1 0 0
149 186 -1 0 0
148 186 -1 0 0
147 186 -1 0 0
146 186 -1 0 0
145 186 -1 0 0
153 185 -1 0 0
152 185 -1 0 0
151 185 -1 0 0
150 185 -1 0 0
149 185 -1 0 0
148 185 -1 0 0
147 185 -1 0 0
146 185 -1 0 0
145 185 -1 0 0
153 184 -1 0 0
152 184 -1 0 0
151 184 -1 0 0
150 184 -1 0 0
149 184 -1 0 0
148 184 -1 0 0
147 184 -1 0 0
146 184 -1 0 0
145 184 -1 0 0
154 183 -1 0 0
153 183 -1 0 0
152 183 -1 0 0
151 183 -1 0 0
150 183 -1 0 0
149 183 -1 0 0
148 183 -1 0 0
147 183 -1 0 0
146 183 -1 0 0
145 183 -1 0 0
144 183 -1 0 0
153 182 -1 0 0
152 182 -1 0 0
151 182 -1 0 0
150 182 -1 0 0
149 182 -1 0 0
148 182 -1 0 0
147 182 -1 0 0
146 182 -1 0 0
145 182 -1 0 0
153 181 -1 0 0
152 181 -1 0 0
151 181 -1 0 0
150 181 -1 0 0
149 181 -1 0 0
148 181 -1 0 0
147 181 -1 0 0
146 181 -1 0 0
145 181 -1 0 0
153 180 -1 0 0
152 180 -1 0 0
151 180 -1 0 0
150 180 -1 0 0
149 180 -1 0 0
148 180 -1 0 0
147 180 -1 0 0
146 180 -1 0 0
145 180 -1 0 0
152 179 -1 0 0
151 179 -1 0 0
150 179 -1 0 0
149 179 -1 0 0
148 179 -1 0 0
147 179 -1 0 0
146 179 -1 0 0
149 178 -1 0 0
217 176 -1 1 0
220 175 -1 1 0
219 175 -1 1 0
218 175 -1 1 0
217 175 -1 1 0
216 175 -1 1 0
215 175 -1 1 0
214 175 -1 1 0
221 174 -1 1 0
220 174 -1 1 0
219 174 -1 1 0
218 174 -1 1 0
217 174 -1 1 0
216 174 -1 1 0
215 174 -1 1 0
214 174 -1 1 0
213 174 -1 1 0
221 173 -1 1 0
220 173 -1 1 0
219 173 -1 1 0
218 173 -1 1 0
217 173 -1 1 0
216 173 -1 1 0
215 173 -1 1 0
214 173 -1 1 0
213 173 -1 1 0
221 172 -1 1 0
220 172 -1 1 0
219 172 -1 1 0
218 172 -1 1 0
217 172 -1 1 0
216 172 -1 1 0
215 172 -1 1 0
214 172 -1 1 0
213 172 -1 1 0
222 171 -1 1 0
221 171 -1 1 0
220 171 -1 1 0
219 171 -1 1 0
218 171 -1 1 0
217 171 -1 1 0
216 171 -1 1 0
215 171 -1 1 0
214 171 -1 1 0
213 171 -1 1 0
212 171 -1 1 0
221 170 -1 1 0
220 170 -1 1 0
219 170 -1 1 0
218 170 -1 1 0
217 170 -1 1 0
216 170 -1 1 0
215 170 -1 1 0
214 170 -1 1 0
213 170 -1 1 0
202 170 -1 1 0
221 169 -1 1 0
220 169 -1 1 0
219 169 -1 1 0
218 169 -1 1 0
217 169 -1 1 0
216 169 -1 1 0
215 169 -1 1 0
214 169 -1 1 0
213 169 -1 1 0
205 169 -1 1 0
204 169 -1 1 0
203 169 -1 1 0
202 169 -1 1 0
201 169 -1 1 0
200 169 -1 1 0
199 169 -1 1 0
221 168 -1 1 0
220 168 -1 1 0
219 168 -1 1 0
218 168 -1 1 0
217 168 -1 1 0
216 168 -1 1 0
215 168 -1 1 0
214 168 -1 1 0
213 168 -1 1 0
206 168 -1 1 0
205 168 -1 1 0
204 168 -1 1 0
203 168 -1 1 0
202 168 -1 1 0
201 168 -1 1 0
200 168 -1 1 0
199 168 -1 1 0
198 168 -1 1 0
220 167 -1 1 0
219 167 -1 1 0
218 167 -1 1 0
217 167 -1 1 0
216 167 -1 1 0
215 167 -1 1 0
214 167 -1 1 0
206 167 -1 1 0
205 167 -1 1 0
204 167 -1 1 0
203 167 -1 1 0
202 167 -1 1 0
201 167 -1 1 0
200 167 -1 1 0
199 167 -1 1 0
198 167 -1 1 0
217 166 -1 1 0
206 166 -1 1 0
205 166 -1 1 0
204 166 -1 1 0
203 166 -1 1 0
202 166 -1 1 0
201 166 -1 1 0
200 166 -1 1 0
199 166 -1 1 0
198 166 -1 1 0
207 165 -1 1 0
206 165 -1 1 0
205 165 -1 1 0
204 165 -1 1 0
203 165 -1 1 0
202 165 -1 1 0
201 165 -1 1 0
200 165 -1 1 0
199 165 -1 1 0
198 165 -1 1 0
197 165 -1 1 0
206 164 -1 1 0
205 164 -1 1 0
204 164 -1 1 0
203 164 -1 1 0
202 164 -1 1 0
201 164 -1 1 0
200 164 -1 1 0
199 164 -1 1 0
198 164 -1 1 0
206 163 -1 1 0
205 163 -1 1 0
204 163 -1 1 0
203 163 -1 1 0
202 163 -1 1 0
201 163 -1 1 0
200 163 -1 1 0
199 163 -1 1 0
198 163 -1 1 0
206 162 -1 1 0
205 162 -1 1 0
204 162 -1 1 0
203 162 -1 1 0
202 162 -1 1 0
201 162 -1 1 0
200 162 -1 1 0
199 162 -1 1 0
198 162 -1 1 0
205 161 -1 1 0
204 161 -1 1 0
203 161 -1 1 0
202 161 -1 1 0
201 161 -1 1 0
200 161 -1 1 0
199 161 -1 1 0
202 160 -1 1 0
224 157 -1 1 0
227 156 -1 1 0
226 156 -1 1 0
225 156 -1 1 0
224 156 -1 1 0
223 156 -1 1 0
222 156 -1 1 0
221 156 -1 1 0
228 155 -1 1 0
227 155 -1 1 0
226 155 -1 1 0
225 155 -1 1 0
224 155 -1 1 0
223 155 -1 1 0
222 155 -1 1 0
221 155 -1 1 0
220 155 -1 1 0
228 154 -1 1 0
227 154 -1 1 0
226 154 -1 1 0
225 154 -1 1 0
224 154 -1 1 0
223 154 -1 1 0
222 154 -1 1 0
221 154 -1 1 0
220 154 -1 1 0
228 153 -1 1 0
227 153 -1 1 0
226 153 -1 1 0
225 153 -1 1 0
224 153 -1 1 0
223 153 -1 1 0
222 153 -1 1 0
221 153 -1 1 0
220 153 -1 1 0
229 152 -1 1 0
228 152 -1 1 0
227 152 -1 1 0
226 152 -1 1 0
225 152 -1 1 0
224 152 -1 1 0
223 152 -1 1 0
222 152 -1 1 0
221 152 -1 1 0
220 152 -1 1 0
219 152 -1 1 0
228 151 -1 1 0
227 151 -1 1 0
226 151 -1 1 0
225 151 -1 1 0
224 151 -1 1 0
223 151 -1 1 0
222 151 -1 1 0
221 151 -1 1 0
220 151 -1 1 0
228 150 -1 1 0
227 150 -1 1 0
226 150 -1 1 0
225 150 -1 1 0
224 150 -1 1 0
223 150 -1 1 0
222 150 -1 1 0
221 150 -1 1 0
220 150 -1 1 0
228 149 -1 1 0
227 149 -1 1 0
226 149 -1 1 0
225 149 -1 1 0
224 149 -1 1 0
223 149 -1 1 0
222 149 -1 1 0
221 149 -1 1 0
220 149 -1 1 0
227 148 -1 1 0
226 148 -1 1 0
225 148 -1 1 0
224 148 -1 1 0
223 148 -1 1 0
222 148 -1 1 0
221 148 -1 1 0
224 147 -1 1 0
216 139 -1 1 0
219 138 -1 1 0
218 138 -1 1 0
217 138 -1 1 0
216 138 -1 1 0
215 138 -1 1 0
214 138 -1 1 0
213 138 -1 1 0
220 137 -1 1 0
219 137 -1 1 0
218 137 -1 1 0
217 137 -1 1 0
216 137 -1 1 0
215 137 -1 1 0
214 137 -1 1 0
213 137 -1 1 0
212 137 -1 1 0
220 136 -1 1 0
219 136 -1 1 0
218 136 -1 1 0
217 136 -1 1 0
216 136 -1 1 0
215 136 -1 1 0
214 136 -1 1 0
213 136 -1 1 0
212 136 -1 1 0
220 135 -1 1 0
219 135 -1 1 0
218 135 -1 1 0
217 135 -1 1 0
216 135 -1 1 0
215 135 -1 1 0
214 135 -1 1 0
213 135 -1 1 0
212 135 -1 1 0
221 134 -1 1 0
220 134 -1 1 0
219 134 -1 1 0
218 134 -1 1 0
217 134 -1 1 0
216 134 -1 1 0
215 134 -1 1 0
214 134 -1 1 0
213 134 -1 1 0
212 134 -1 1 0
211 134 -1 1 0
220 133 -1 1 0
219 133 -1 1 0
218 133 -1 1 0
217 133 -1 1 0
216 133 -1 1 0
215 133 -1 1 0
214 133 -1 1 0
213 133 -1 1 0
212 133 -1 1 0
220 132 -1 1 0
219 132 -1 1 0
218 132 -1 1 0
217 132 -1 1 0
216 132 -1 1 0
215 132 -1 1 0
214 132 -1 1 0
213 132 -1 1 0
212 132 -1 1 0
220 131 -1 1 0
219 131 -1 1 0
218 131 -1 1 0
217 131 -1 1 0
216 131 -1 1 0
215 131 -1 1 0
214 131 -1 1 0
213 131 -1 1 0
212 131 -1 1 0
219 130 -1 1 0
218 130 -1 1 0
217 130 -1 1 0
216 130 -1 1 0
215 130 -1 1 0
214 130 -1 1 0
213 130 -1 1 0
216 129 -1 1 0
227 126 -1 1 0
230 125 -1 1 0
229 125 -1 1 0
228 125 -1 1 0
227 125 -1 1 0
226 125 -1 1 0
225 125 -1 1 0
224 125 -1 1 0
231 124 -1 1 0
230 124 -1 1 0
229 124 -1 1 0
228 124 -1 1 0
227 124 -1 1 0
226 124 -1 1 0
225 124 -1 1 0
224 124 -1 1 0
223 124 -1 1 0
231 123 -1 1 0
230 123 -1 1 0
229 123 -1 1 0
228 123 -1 1 0
227 123 -1 1 0
226 123 -1 1 0
225 123 -1 1 0
224 123 -1 1 0
223 123 -1 1 0
231 122 -1 1 0
230 122 -1 1 0
229 122 -1 1 0
228 122 -1 1 0
227 122 -1 1 0
226 122 -1 1 0
225 122 -1 1 0
224 122 -1 1 0
223 122 -1 1 0
266 121 -1 0 0
232 121 -1 1 0
231 121 -1 1 0
230 121 -1 1 0
229 121 -1 1 0
228 121 -1 1 0
227 121 -1 1 0
226 121 -1 1 0
225 121 -1 1 0
224 121 -1 1 0
223 121 -1 1 0
222 121 -1 1 0
269 120 -1 0 0
268 120 -1 0 0
267 120 -1 0 0
266 120 -1 0 0
265 120 -1 0 0
264 120 -1 0 0
263 120 -1 0 0
231 120 -1 1 0
230 120 -1 1 0
229 120 -1 1 0
228 120 -1 1 0
227 120 -1 1 0
226 120 -1 1 0
225 120 -1 1 0
224 120 -1 1 0
223 120 -1 1 0
270 119 -1 0 0
269 119 -1 0 0
268 119 -1 0 0
267 119 -1 0 0
266 119 -1 0 0
265 119 -1 0 0
264 119 -1 0 0
263 119 -1 0 0
262 119 -1 0 0
231 119 -1 1 0
230 119 -1 1 0
229 119 -1 1 0
228 119 -1 1 0
227 119 -1 1 0
226 119 -1 1 0
225 119 -1 1 0
224 119 -1 1 0
223 119 -1 1 0
270 118 -1 0 0
269 118 -1 0 0
268 118 -1 0 0
267 118 -1 0 0
266 118 -1 0 0
265 118 -1 0 0
264 118 -1 0 0
263 118 -1 0 0
262 118 -1 0 0
231 118 -1 1 0
230 118 -1 1 0
229 118 -1 1 0
228 118 -1 1 0
227 118 -1 1 0
226 118 -1 1 0
225 118 -1 1 0
224 118 -1 1 0
223 118 -1 1 0
270 117 -1 0 0
269 117 -1 0 0
268 117 -1 0 0
267 117 -1 0 0
266 117 -1 0 0
265 117 -1 0 0
264 117 -1 0 0
263 117 -1 0 0
262 117 -1 0 0
230 117 -1 1 0
229 117 -1 1 0
228 117 -1 1 0
227 117 -1 1 0
226 117 -1 1 0
225 117 -1 1 0
224 117 -1 1 0
271 116 -1 0 0
270 116 -1 0 0
269 116 -1 0 0
268 116 -1 0 0
267 116 -1 0 0
266 116 -1 0 0
265 116 -1 0 0
264 116 -1 0 0
263 116 -1 0 0
262 116 -1 0 0
261 116 -1 0 0
227 116 -1 1 0
270 115 -1 0 0
269 115 -1 0 0
268 115 -1 0 0
267 115 -1 0 0
266 115 -1 0 0
265 115 -1 0 0
264 115 -1 0 0
263 115 -1 0 0
262 115 -1 0 0
270 114 -1 0 0
269 114 -1 0 0
268 114 -1 0 0
267 114 -1 0 0
266 114 -1 0 0
265 114 -1 0 0
264 114 -1 0 0
263 114 -1 0 0
262 114 -1 0 0
270 113 -1 0 0
269 113 -1 0 0
268 113 -1 0 0
267 113 -1 0 0
266 113 -1 0 0
265 113 -1 0 0
264 113 -1 0 0
263 113 -1 0 0
262 113 -1 0 0
269 112 -1 0 0
268 112 -1 0 0
267 112 -1 0 0
266 112 -1 0 0
265 112 -1 0 0
264 112 -1 0 0
263 112 -1 0 0
266 111 -1 0 0
237 109 -1 1 0
240 108 -1 1 0
239 108 -1 1 0
238 108 -1 1 0
237 108 -1 1 0
236 108 -1 1 0
235 108 -1 1 0
234 108 -1 1 0
241 107 -1 1 0
240 107 -1 1 0
239 107 -1 1 0
238 107 -1 1 0
237 107 -1 1 0
236 107 -1 1 0
235 107 -1 1 0
234 107 -1 1 0
233 107 -1 1 0
241 106 -1 1 0
240 106 -1 1 0
239 106 -1 1 0
238 106 -1 1 0
237 106 -1 1 0
236 106 -1 1 0
235 106 -1 1 0
234 106 -1 1 0
233 106 -1 1 0
241 105 -1 1 0
240 105 -1 1 0
239 105 -1 1 0
238 105 -1 1 0
237 105 -1 1 0
236 105 -1 1 0
235 105 -1 1 0
234 105 -1 1 0
233 105 -1 1 0
242 104 -1 1 0
241 104 -1 1 0
240 104 -1 1 0
239 104 -1 1 0
238 104 -1 1 0
237 104 -1 1 0
236 104 -1 1 0
235 104 -1 1 0
234 104 -1 1 0
233 104 -1 1 0
232 104 -1 1 0
241 103 -1 1 0
240 103 -1 1 0
239 103 -1 1 0
238 103 -1 1 0
237 103 -1 1 0
236 103 -1 1 0
235 103 -1 1 0
234 103 -1 1 0
233 103 -1 1 0
241 102 -1 1 0
240 102 -1 1 0
239 102 -1 1 0
238 102 -1 1 0
237 102 -1 1 0
236 102 -1 1 0
235 102 -1 1 0
234 102 -1 1 0
233 102 -1 1 0
241 101 -1 1 0
240 101 -1 1 0
239 101 -1 1 0
238 101 -1 1 0
237 101 -1 1 0
236 101 -1 1 0
235 101 -1 1 0
234 101 -1 1 0
233 101 -1 1 0
240 100 -1 1 0
239 100 -1 1 0
238 100 -1 1 0
237 100 -1 1 0
236 100 -1 1 0
235 100 -1 1 0
234 100 -1 1 0
237 99 -1 1 0
241 97 -1 1 0
244 96 -1 1 0
243 96 -1 1 0
242 96 -1 1 0
241 96 -1 1 0
240 96 -1 1 0
239 96 -1 1 0
238 96 -1 1 0
245 95 -1 1 0
244 95 -1 1 0
243 95 -1 1 0
242 95 -1 1 0
241 95 -1 1 0
240 95 -1 1 0
239 95 -1 1 0
238 95 -1 1 0
237 95 -1 1 0
245 94 -1 1 0
244 94 -1 1 0
243 94 -1 1 0
242 94 -1 1 0
241 94 -1 1 0
240 94 -1 1 0
239 94 -1 1 0
238 94 -1 1 0
237 94 -1 1 0
245 93 -1 1 0
244 93 -1 1 0
243 93 -1 1 0
242 93 -1 1 0
241 93 -1 1 0
240 93 -1 1 0
239 93 -1 1 0
238 93 -1 1 0
237 93 -1 1 0
246 92 -1 1 0
245 92 -1 1 0
244 92 -1 1 0
243 92 -1 1 0
242 92 -1 1 0
241 92 -1 1 0
240 92 -1 1 0
239 92 -1 1 0
238 92 -1 1 0
237 92 -1 1 0
236 92 -1 1 0
245 91 -1 1 0
244 91 -1 1 0
243 91 -1 1 0
242 91 -1 1 0
241 91 -1 1 0
240 91 -1 1 0
239 91 -1 1 0
238 91 -1 1 0
237 91 -1 1 0
245 90 -1 1 0
244 90 -1 1 0
243 90 -1 1 0
242 90 -1 1 0
241 90 -1 1 0
240 90 -1 1 0
239 90 -1 1 0
238 90 -1 1 0
237 90 -1 1 0
245 89 -1 1 0
244 89 -1 1 0
243 89 -1 1 0
242 89 -1 1 0
241 89 -1 1 0
240 89 -1 1 0
239 89 -1 1 0
238 89 -1 1 0
237 89 -1 1 0
244 88 -1 1 0
243 88 -1 1 0
242 88 -1 1 0
241 88 -1 1 0
240 88 -1 1 0
239 88 -1 1 0
238 88 -1 1 0
241 87 -1 1 0
203 76 -1 0 0
206 75 -1 0 0
205 75 -1 0 0
204 75 -1 0 0
203 75 -1 0 0
202 75 -1 0 0
201 75 -1 0 0
200 75 -1 0 0
207 74 -1 0 0
206 74 -1 0 0
205 74 -1 0 0
204 74 -1 0 0
203 74 -1 0 0
202 74 -1 0 0
201 74 -1 0 0
200 74 -1 0 0
199 74 -1 0 0
207 73 -1 0 0
206 73 -1 0 0
205 73 -1 0 0
204 73 -1 0 0
203 73 -1 0 0
202 73 -1 0 0
201 73 -1 0 0
200 73 -1 0 0
199 73 -1 0 0
207 72 -1 0 0
206 72 -1 0 0
205 72 -1 0 0
204 72 -1 0 0
203 72 -1 0 0
202 72 -1 0 0
201 72 -1 0 0
200 72 -1 0 0
199 72 -1 0 0
208 71 -1 0 0
207 71 -1 0 0
206 71 -1 0 0
205 71 -1 0 0
204 71 -1 0 0
203 71 -1 0 0
202 71 -1 0 0
201 71 -1 0 0
200 71 -1 0 0
199 71 -1 0 0
198 71 -1 0 0
207 70 -1 0 0
206 70 -1 0 0
205 70 -1 0 0
204 70 -1 0 0
203 70 -1 0 0
202 70 -1 0 0
201 70 -1 0 0
200 70 -1 0 0
199 70 -1 0 0
207 69 -1 0 0
206 69 -1 0 0
205 69 -1 0 0
204 69 -1 0 0
203 69 -1 0 0
202 69 -1 0 0
201 69 -1 0 0
200 69 -1 0 0
199 69 -1 0 0
207 68 -1 0 0
206 68 -1 0 0
205 68 -1 0 0
204 68 -1 0 0
203 68 -1 0 0
202 68 -1 0 0
201 68 -1 0 0
200 68 -1 0 0
199 68 -1 0 0
206 67 -1 0 0
205 67 -1 0 0
204 67 -1 0 0
203 67 -1 0 0
202 67 -1 0 0
201 67 -1 0 0
200 67 -1 0 0
203 66 -1 0 0
